id,Y18
4752,20.502479876424076
4753,20.50865988483678
4754,20.515149359422953
4755,20.379407709309852
4756,20.29143130217657
4757,20.217336487598054
4758,20.161617048148763
4759,20.089115735374826
4760,19.915195118939845
4761,19.84291153452191
4762,19.722744581928474
4763,19.684110073414626
4764,19.681040292673895
4765,19.56783017923394
4766,19.599667233923828
4767,19.36501622981398
4768,19.191046214130505
4769,19.161986799857853
4770,18.99081332955863
4771,18.8824472501979
4772,18.83312167600017
4773,18.807068931808114
4774,18.78410115425698
4775,18.901268709661196
4776,18.854838066659617
4777,18.70690399052399
4778,18.59594712344265
4779,18.427597850948562
4780,18.36726515276075
4781,18.318957122309733
4782,18.27675839573997
4783,18.287689605308458
4784,18.26675476614489
4785,18.27386861792659
4786,18.273643523512455
4787,18.385183411257707
4788,18.449930107579863
4789,18.634948849932925
4790,18.835277304829464
4791,19.174711981234825
4792,19.65196234041626
4793,20.334422379941216
4794,21.10232528050792
4795,21.673785721288187
4796,22.653067339113925
4797,23.322373149714096
4798,23.75542469810469
4799,24.82722044166285
4800,25.894014072299143
4801,26.232807391184522
4802,26.95147376925427
4803,27.3485333336835
4804,27.89141010258446
4805,28.97020693239191
4806,29.86161591121267
4807,30.393217738241926
4808,30.90955034429925
4809,31.31725061144831
4810,31.739492468842734
4811,32.354577785708074
4812,33.22056476617928
4813,33.91900294771393
4814,33.953328777002994
4815,34.32158079152062
4816,34.88405280396047
4817,35.85458283429213
4818,36.75642148266944
4819,37.122301151995266
4820,37.45268260737489
4821,37.44980721440109
4822,37.90107321069164
4823,38.33558544733725
4824,38.46253450340741
4825,38.71493669945135
4826,39.09479194582427
4827,38.948461006167996
4828,39.27219813588428
4829,39.36005222357617
4830,39.28320436327968
4831,39.19124965483957
4832,39.023083879725945
4833,38.87547886808712
4834,38.63611677072168
4835,37.99286078770275
4836,37.25314281183288
4837,36.88790748792076
4838,36.52930880792303
4839,36.43843652566758
4840,36.77465757451723
4841,36.837903729973064
4842,36.536202768451304
4843,36.26214961287876
4844,35.879076585029026
4845,35.41465599588621
4846,34.48746502741237
4847,34.14380569033963
4848,33.82528228955043
4849,33.20073452460608
4850,32.84401632090756
4851,32.44093313290033
4852,32.47087667744061
4853,32.5133025277641
4854,32.16020598250008
4855,31.727307010419807
4856,31.290370069896788
4857,31.107462889061065
4858,30.79507108784259
4859,30.59135300557028
4860,30.305778009686804
4861,29.95110806382145
4862,29.71037951303289
4863,29.46496821537927
4864,29.20258766443687
4865,28.8655495813933
4866,28.463501644104056
4867,28.147788402382286
4868,27.80632718309215
4869,27.199423742289287
4870,26.640849225932723
4871,26.20381422275808
4872,25.95651384424655
4873,25.611644315316767
4874,25.35027870277223
4875,25.04612349155433
4876,24.625876937961543
4877,24.328428923405273
4878,24.1122752477623
4879,23.905000348607338
4880,23.54562724642595
4881,23.35093889758713
4882,23.116009370002338
4883,22.91085648928162
4884,22.630670542538304
4885,22.522649954240993
4886,22.447128903798657
4887,22.363405071379457
4888,22.171644481925135
4889,22.104687726218256
4890,21.91297090422678
4891,21.79544591816565
4892,21.64778868385873
4893,21.46291163282199
4894,21.359313399487398
4895,21.210576870022326
4896,21.17966279805664
4897,21.121247722039605
4898,21.038436598772513
4899,20.778886419101816
4900,20.699122818893578
4901,20.59617558332437
4902,20.56004518443415
4903,20.255726217159395
4904,20.219865181258584
4905,19.970580994534515
4906,19.972649892646714
4907,19.88271474030711
4908,19.839234333150298
4909,19.73064930260869
4910,19.634803693219133
4911,19.600093159035527
4912,19.509358478865188
4913,19.479344512782614
4914,19.44929605827885
4915,19.39124849934057
4916,19.315927242309908
4917,19.087958803316205
4918,19.01962881085239
4919,18.970023996142494
4920,18.997505295743153
4921,18.964264067851083
4922,18.889071782604063
4923,18.698602272952424
4924,18.573452943439964
4925,18.53319192354591
4926,18.42849825602042
4927,18.42484932465539
4928,18.485960361120906
4929,18.599818289658568
4930,18.708291048951395
4931,18.758962561806896
4932,18.980797778176537
4933,19.11398385024753
4934,19.342826380135296
4935,19.574344129266905
4936,19.88990774848022
4937,20.09452065123466
4938,20.277245098416984
4939,20.815361063482122
4940,21.578700948279653
4941,22.304964807371356
4942,22.891892946890735
4943,23.862833727754204
4944,24.932552429349744
4945,25.767662374578176
4946,26.526494445983836
4947,27.20479806623948
4948,27.50925956253392
4949,27.922184571604145
4950,28.746235097758245
4951,29.49407580184948
4952,30.267390679333857
4953,31.00752298697678
4954,31.49883582763242
4955,32.01472108953
4956,32.67211442181339
4957,33.454926463453425
4958,34.252193836529386
4959,35.174465219172696
4960,35.634199285733835
4961,36.32770271587897
4962,37.107376188026635
4963,37.56795473713873
4964,38.39824465341317
4965,38.80627952069462
4966,39.064821203183435
4967,39.14380787525532
4968,39.2074675675978
4969,39.180155858845254
4970,38.880789611154334
4971,38.2755737571887
4972,38.19837900289795
4973,37.62412064041596
4974,37.24340179316377
4975,36.852746496308754
4976,36.305511778818435
4977,36.08652192498447
4978,36.44758579890934
4979,36.59686281439868
4980,36.65339525755351
4981,36.97064311572266
4982,36.78532106911784
4983,36.393372933109944
4984,35.69160876882113
4985,34.95594994187298
4986,34.537729838931824
4987,34.446227254850996
4988,33.865742384230764
4989,32.90499220226923
4990,32.26375725220135
4991,31.942626434397102
4992,32.12151832987308
4993,32.61355904990922
4994,32.96716215390659
4995,32.688154314478666
4996,31.907741757234493
4997,31.244627893305665
4998,31.523164127627368
4999,31.74285939576029
5000,31.611601522331632
5001,31.50177521904796
5002,31.272651692844505
5003,31.004205220766544
5004,30.617891013844897
5005,30.201900493264603
5006,29.843460688747
5007,29.604166915756714
5008,29.301508736268175
5009,28.959512482394086
5010,28.578338822016345
5011,28.16840009748337
5012,27.78087838409742
5013,27.411679332415517
5014,27.023113666349698
5015,26.715222430317304
5016,26.481282032433906
5017,26.127116525288788
5018,25.829655574299807
5019,25.51051399988085
5020,25.312581802689706
5021,25.027371999706446
5022,24.852816135040683
5023,24.612965519706254
5024,24.264350199745238
5025,23.919051514626332
5026,23.665794221934163
5027,23.474951226848273
5028,23.520596330894637
5029,23.39339012232668
5030,22.933687143773188
5031,22.631322687260123
5032,22.524149316449673
5033,22.29063885600596
5034,22.32650130487438
5035,22.182964676492624
5036,22.047882508841504
5037,21.961812776179563
5038,21.84441747856887
5039,21.746127697684827
5040,21.52018382059851
5041,21.497597248294806
5042,21.342337302973693
5043,21.302363615200605
5044,21.275835675864002
5045,21.0705425397302
5046,20.95805156550488
5047,20.897779227268728
5048,20.738559903520013
5049,20.632123392017284
5050,20.589944483014502
5051,20.547013104066124
5052,20.500650524874242
5053,20.360819537934262
5054,20.20336257200419
5055,20.00029766395619
5056,19.80497521167395
5057,19.668932362984563
5058,19.53976413565766
5059,19.416101765294034
5060,19.279928523464367
5061,19.209686828991526
5062,19.13024200234864
5063,19.066343246956787
5064,19.02727767451504
5065,18.888178897252413
5066,18.675345952097505
5067,18.52566106888786
5068,18.40533933406818
5069,18.327302624625137
5070,18.30288607046914
5071,18.27333383604787
5072,18.193444058951158
5073,18.11205799912117
5074,18.141464498002687
5075,18.209283040549145
5076,18.508296320218196
5077,18.89420574575424
5078,19.25699146537031
5079,19.625190286669508
5080,20.294073820637948
5081,20.907803015105692
5082,21.53433746023162
5083,22.13750020286305
5084,22.773138091144425
5085,23.2868016740627
5086,24.299128099364626
5087,25.11630923483451
5088,26.28563633111165
5089,27.10770522619752
5090,27.62201585231122
5091,28.447207607008597
5092,29.37399633730592
5093,30.11707176125604
5094,30.584964953768527
5095,31.459740272858653
5096,32.42010807947504
5097,33.398117919782834
5098,34.31094263917239
5099,35.026694655240966
5100,35.77262612521774
5101,36.55056001511549
5102,37.31964461529651
5103,37.982464055329224
5104,38.43794895668723
5105,38.79050572244213
5106,38.87624850355463
5107,38.626251683356536
5108,38.32030560950639
5109,37.99379456264587
5110,37.72063459510459
5111,37.6622304964244
5112,37.750584204707174
5113,37.959959367956145
5114,38.22134231450848
5115,38.294797883718886
5116,38.4198150370408
5117,38.37919300910512
5118,38.419097604146195
5119,38.487402154294315
5120,38.52038150858914
5121,38.56921135738138
5122,38.502098034181685
5123,38.493425280656695
5124,38.351872046738954
5125,38.24690830819437
5126,37.712646154736014
5127,37.157437781126305
5128,36.78505794849022
5129,36.47142927941676
5130,36.18967076755437
5131,35.81793181415576
5132,35.661896738009574
5133,35.56478135366011
5134,35.345891951045985
5135,35.29332770150441
5136,35.16093227648706
5137,35.03113293188409
5138,34.83010716731833
5139,34.348812171957874
5140,34.1685486230315
5141,33.91249434249399
5142,33.73669142660586
5143,33.603083446929446
5144,33.3580451565252
5145,33.16138071243049
5146,32.79685717611498
5147,32.26718756143188
5148,31.75240609215172
5149,31.361298497189434
5150,31.037706827417214
5151,30.783674812412354
5152,30.502747312359208
5153,29.971618697913023
5154,29.20581282478731
5155,28.640610396561776
5156,28.151446252664716
5157,27.804378334992357
5158,27.578203992849282
5159,27.380488936342008
5160,27.38031536996331
5161,27.28079480274043
5162,27.120828915720224
5163,27.016738309971792
5164,26.903268971085744
5165,26.725460607386708
5166,26.56643256284427
5167,26.44183515353651
5168,26.28302248090234
5169,26.13185596264973
5170,26.036032983248305
5171,25.908179541785675
5172,25.695284244400497
5173,25.502486142597753
5174,25.26763105540147
5175,24.96396361438493
5176,24.829785845822794
5177,24.73024966657855
5178,24.52110325810083
5179,24.346354758101523
5180,24.214091580304466
5181,24.07003530481252
5182,23.943338072470333
5183,23.820375157971558
5184,23.83951969793339
5185,23.79817206859287
5186,23.53739741921844
5187,23.43785680601979
5188,23.26328855379637
5189,23.06102611425338
5190,22.85841061514288
5191,22.731983717810596
5192,22.54266553943628
5193,22.507363230754407
5194,22.349045263377427
5195,22.091922950996576
5196,22.149524218881293
5197,21.853671638759018
5198,21.869039348327515
5199,21.641199760726778
5200,21.482052771738285
5201,21.419518630406223
5202,21.329556407846347
5203,21.295338640599475
5204,21.259668063086465
5205,21.118616213517456
5206,21.12181951994787
5207,21.081258014086828
5208,20.898715184936037
5209,20.910650798092163
5210,20.853498127837803
5211,20.78499149011678
5212,20.719707690974445
5213,20.756248714243974
5214,20.840877449161944
5215,20.74412680880698
5216,20.670502924055985
5217,20.61834317039597
5218,20.624821879589348
5219,20.90350454539405
5220,20.98319256748237
5221,21.047558449274625
5222,21.045783133504905
5223,21.124082751732928
5224,21.284814480827233
5225,21.548645381709772
5226,21.812579311486928
5227,22.15735791799167
5228,22.604562253119177
5229,22.8898582522893
5230,22.87979720081482
5231,23.304220870739396
5232,23.382715826117188
5233,23.623369148042308
5234,23.923180896937186
5235,24.050856396924416
5236,24.420017555000097
5237,24.0880609956087
5238,24.172744030586358
5239,24.36508093174358
5240,24.258233448839427
5241,24.492880014200402
5242,24.228700268280452
5243,24.30637322152784
5244,24.38257788408293
5245,24.318473552386692
5246,24.302014529992714
5247,24.2530963657583
5248,24.264144271089005
5249,24.2546509681163
5250,24.441839133689435
5251,24.661688747719783
5252,25.065577660479285
5253,25.3156464166022
5254,25.222587868663588
5255,25.131315166325503
5256,25.13701079011395
5257,25.089544148727512
5258,25.273227173314922
5259,25.497864046271303
5260,25.676678145532968
5261,25.30837893436865
5262,24.82366314192872
5263,24.33311916789272
5264,24.22722817713983
5265,24.139804701395448
5266,24.209838807101328
5267,24.259212798268948
5268,24.173187815071866
5269,23.834676202526452
5270,23.7375814583093
5271,23.808937984129216
5272,24.145477148884908
5273,24.32335063931111
5274,24.509233455134485
5275,24.953371940437872
5276,24.76570662616875
5277,25.124930399508976
5278,25.269345613898892
5279,25.595670553886798
5280,25.980358903354674
5281,25.790942881566266
5282,25.98385141682267
5283,26.39855977481893
5284,26.59561674350217
5285,26.19436947888785
5286,25.89509534882754
5287,25.507180495778055
5288,25.387598227122925
5289,25.388239621809507
5290,25.081288215503136
5291,24.969852706170023
5292,24.742589116919277
5293,24.580631959072626
5294,24.33312598784848
5295,24.130960981267968
5296,23.897979848990214
5297,23.68233111939376
5298,23.45238011732851
5299,23.379022418407367
5300,23.330089768606236
5301,23.140131781347904
5302,22.99600758382044
5303,22.890648986778295
5304,22.76735713431892
5305,22.685774438360525
5306,22.634805977474688
5307,22.6089718391353
5308,22.53712631102654
5309,22.498193716770558
5310,22.12317631970908
5311,21.98018128416814
5312,21.938831526673873
5313,21.91288401628219
5314,21.809730318755985
5315,21.768513271353015
5316,21.749216176683344
5317,21.701269795565654
5318,21.693917410078335
5319,21.68488860571667
5320,21.663189380885793
5321,21.6929107287125
5322,21.652733049831074
5323,21.66086014505737
5324,21.55575990427959
5325,21.531830537496106
5326,21.481514254078583
5327,21.494153298352067
5328,21.395995573582432
5329,21.391506071207083
5330,21.370137171929894
5331,21.36913707261094
5332,21.365088098105005
5333,21.465203839411355
5334,21.505061204023086
5335,21.506418593111995
5336,21.543875358208545
5337,21.345096172110885
5338,21.414432862218195
5339,21.419041893063113
5340,21.3496330154329
5341,21.37976308020056
5342,21.43561155744192
5343,21.439387607638015
5344,21.480489523870343
5345,21.438211587549823
5346,21.51308700306076
5347,21.520573564231952
5348,21.524757328171372
5349,21.537507255587776
5350,21.630694189793477
5351,21.634636910248833
5352,21.54046333165957
5353,21.54252320200781
5354,21.544864753691698
5355,21.566701625934137
5356,21.58870478096948
5357,21.57069192885559
5358,21.569431163135402
5359,21.572390222745838
5360,21.576397034952763
5361,21.673994291690885
5362,21.718053402138413
5363,21.715212458000998
5364,21.72908948697109
5365,21.771576595787767
5366,21.824634161065177
5367,21.815808987942773
5368,21.900908570215034
5369,21.943526039160382
5370,22.005972554986442
5371,22.117659267183377
5372,22.30879284023
5373,22.833231724223527
5374,22.99632354257041
5375,23.41549569135764
5376,23.722484982148682
5377,23.885216906082626
5378,24.018604446206297
5379,24.054230985158338
5380,23.886477758433355
5381,23.94314345095407
5382,24.242591270468775
5383,24.942284702484248
5384,25.532205988597013
5385,26.26785122981804
5386,27.30647726866741
5387,28.422947979950596
5388,29.92240878888311
5389,31.02181281271162
5390,31.575574742403738
5391,31.50904850901168
5392,31.588108978917177
5393,31.72119414526973
5394,31.35786129193888
5395,30.93555992817898
5396,31.152080978309982
5397,31.275720859699547
5398,31.75856438970449
5399,32.410737134232804
5400,32.88337895918377
5401,32.792539799360696
5402,32.28755108461733
5403,31.931901038846835
5404,31.794159502038234
5405,32.39744272764278
5406,33.18788671875605
5407,33.78513735921361
5408,34.3420495684746
5409,33.969639432972635
5410,33.39743022775979
5411,32.769641021216096
5412,32.46106236823957
5413,32.481708329166246
5414,32.61405870395886
5415,32.874866971188965
5416,32.92759908726277
5417,32.977536674113836
5418,32.89022678985417
5419,32.52402131186989
5420,32.13103449515018
5421,31.805367240325868
5422,32.016833796079695
5423,32.383854714939844
5424,32.18060675407945
5425,32.137391520034505
5426,32.34546215179654
5427,32.273587690154315
5428,31.69509725269434
5429,31.238312970029597
5430,30.891467505981414
5431,30.392449085652284
5432,29.969127943100123
5433,30.00806908228772
5434,30.011866173459822
5435,29.569324617028332
5436,29.179241624036344
5437,28.81080078524415
5438,28.506459934493524
5439,28.11293760612217
5440,27.903208036286745
5441,27.750556153114452
5442,27.617273195858964
5443,27.422649969142658
5444,27.188646275770484
5445,26.985818245911908
5446,26.626534029252525
5447,26.393230194271247
5448,26.172323124852692
5449,25.78803938454887
5450,25.460448368212923
5451,25.22144302174982
5452,25.149447162386018
5453,25.026938616946488
5454,24.88944273491003
5455,24.735124695832052
5456,24.51679902816392
5457,24.371979580983034
5458,24.263924480917947
5459,24.183705068128738
5460,24.124290634616912
5461,24.093366886909685
5462,24.031157487005462
5463,23.947785892785557
5464,23.84312542552643
5465,23.780294187573332
5466,23.73348487358585
5467,23.71782067440175
5468,23.613842858470623
5469,23.524226255447708
5470,23.30293446953464
5471,23.2232940519958
5472,23.53243784569741
5473,23.423924139198746
5474,23.391022556035963
5475,23.31540995500868
5476,23.256351983715643
5477,23.277474876501564
5478,23.16255479556803
5479,23.124143276028533
5480,23.053344091007684
5481,23.016510616394758
5482,22.997825479169165
5483,23.062966788885266
5484,23.059726248166953
5485,22.968108156721787
5486,22.82140255252745
5487,22.89520328342048
5488,22.862005197344832
5489,22.665480508988583
5490,22.81064137676249
5491,22.868140003228394
5492,22.84383587161706
5493,22.842432057007684
5494,22.86490378206548
5495,22.863287428285684
5496,22.816243352841024
5497,22.89890854451884
5498,22.959962545245194
5499,22.83483587661292
5500,22.8245784028637
5501,22.716148257183423
5502,22.756047008723808
5503,22.741501278279358
5504,22.73314610614125
5505,22.677269843488308
5506,22.764361762692936
5507,22.754753934298208
5508,22.83897116003158
5509,22.911553712529603
5510,23.127422494837074
5511,23.21600412509554
5512,23.363465004018927
5513,23.621804431062525
5514,23.94039070113719
5515,24.186593702182012
5516,24.362564887409526
5517,24.79553607873829
5518,25.083808807879
5519,25.383663086719345
5520,25.898209943651494
5521,26.4360715126965
5522,26.64740432831107
5523,26.920410958128883
5524,27.601672025650952
5525,28.30422620195653
5526,29.464609699584233
5527,29.680513711874156
5528,29.82937076650529
5529,29.763557042588214
5530,30.908017781184437
5531,31.768329061605545
5532,32.071734762547834
5533,31.818064626860878
5534,31.245536794061664
5535,31.2169090921931
5536,31.336277563967833
5537,32.33096990976875
5538,34.003672296379136
5539,34.92409317850564
5540,35.152562973422064
5541,35.09010194422525
5542,34.883570217883836
5543,34.782035461563986
5544,34.74817805458525
5545,34.3410981792661
5546,34.7706069063679
5547,35.04918116202931
5548,34.570460322002134
5549,34.3058275017226
5550,34.00813818134964
5551,34.01989368034394
5552,33.994023424011495
5553,33.78883134823725
5554,33.71597915557561
5555,34.4738737376063
5556,34.84050496042621
5557,35.207874649559294
5558,35.26787409135773
5559,35.107766309052
5560,35.198288369148855
5561,35.368086198611735
5562,35.024111607145365
5563,34.50580933743478
5564,33.936222664444585
5565,33.59605448040763
5566,33.15619939961903
5567,32.75916401734419
5568,32.40667166043406
5569,32.13109781692312
5570,31.985524134526027
5571,31.884549694459913
5572,31.77512725836636
5573,31.16173164603037
5574,30.52674027528811
5575,30.041894601720347
5576,29.792813756987268
5577,29.387544818529285
5578,29.077788178576203
5579,28.691318684053865
5580,28.35241828209088
5581,28.014854065867347
5582,27.643575833202647
5583,27.43830390185585
5584,27.154266887349166
5585,26.926492446658358
5586,26.749184917164634
5587,26.559067646103653
5588,26.390607004565098
5589,26.25251998254118
5590,26.127345903394705
5591,25.96532451270968
5592,25.767300852155582
5593,25.639723325193774
5594,25.418782552308585
5595,25.27118317449312
5596,25.12145276428843
5597,25.033971523762578
5598,24.878459021997113
5599,24.77290411305907
5600,24.578368110906
5601,24.479962795266196
5602,24.367973792619452
5603,24.177979916369182
5604,24.086262196131173
5605,23.878640142144626
5606,23.814688148808816
5607,23.66370944928704
5608,23.649327118392286
5609,23.4973813253928
5610,23.432605369503314
5611,23.422664783741844
5612,23.32617232177019
5613,23.260830427439075
5614,23.220496574397124
5615,23.201708262215
5616,23.632936016910225
5617,23.516039603222517
5618,23.34739138005355
5619,23.359086427125884
5620,23.33456232188937
5621,23.257017503987317
5622,23.18995833890843
5623,23.190952428588762
5624,23.181693130561257
5625,23.04416003743873
5626,22.966472529203795
5627,22.757345313222466
5628,22.566814095168898
5629,22.462080040349974
5630,22.40911258504953
5631,22.326295835736808
5632,22.26304919609684
5633,22.278146794385897
5634,22.229231224859145
5635,22.086061189585287
5636,22.143519723917976
5637,22.20432679861143
5638,22.11161358872282
5639,22.04163762166496
5640,21.96842446254746
5641,21.880130050378472
5642,21.838224292129436
5643,21.834742429426328
5644,21.80394194350974
5645,21.777185449227304
5646,21.781027957587483
5647,21.79461516839044
5648,21.71947777030634
5649,21.735801922815938
5650,21.74953345881542
5651,21.7190746212532
5652,21.72766630714173
5653,21.753529233406745
5654,21.866927587293457
5655,21.935341528654742
5656,22.046933425149223
5657,22.116545271972562
5658,22.186291925182662
5659,22.19832448013097
5660,22.365829881775653
5661,22.464157102109077
5662,22.56397257382848
5663,22.877713752683157
5664,23.059163755740546
5665,23.295878096661756
5666,23.226972374341734
5667,23.292986104141082
5668,23.256735509771147
5669,23.231602892156047
5670,23.318307942573785
5671,23.473426374990396
5672,23.553538597716937
5673,23.72677013399067
5674,24.13632804096608
5675,24.58623602060522
5676,25.03947991858027
5677,25.61058478374089
5678,26.057457768420196
5679,26.381980044750975
5680,26.750068245896546
5681,27.35200754972506
5682,27.785342503287744
5683,27.882733281367237
5684,27.88528034610978
5685,27.933450186968
5686,27.596434951881953
5687,27.236858584286107
5688,26.9920174838266
5689,26.582136970698446
5690,26.3599755651023
5691,26.41492269573031
5692,26.177999697368854
5693,25.967177105943566
5694,25.72618539361544
5695,25.462425158366038
5696,25.261874993427895
5697,24.91001743687194
5698,24.66857732219716
5699,24.578685742418433
5700,24.403108740267342
5701,24.206086023093967
5702,23.903977410400792
5703,23.76458535886603
5704,23.624300109935213
5705,23.49814895845529
5706,23.187733702497614
5707,23.129418204080793
5708,23.2793884795782
5709,23.466079388649046
5710,23.506434366865577
5711,23.52377769357941
5712,23.524344387095276
5713,23.523851952626885
5714,23.392632359474046
5715,23.41663292406539
5716,23.45442425652218
5717,23.419893929570094
5718,23.327097554945034
5719,23.284862853979362
5720,23.156549684579485
5721,23.124604425455686
5722,23.00800441171217
5723,22.990811980375582
5724,22.87987071225515
5725,22.862893785111783
5726,22.801602216906147
5727,22.828974183233857
5728,22.780810495707367
5729,22.731371630885196
5730,22.68557292952037
5731,22.586603099885206
5732,22.565842588805825
5733,22.577823611158514
5734,22.53770956190847
5735,22.42280455397049
5736,22.407616505943434
5737,22.32771183483953
5738,22.29477905005114
5739,22.291092440466862
5740,22.29310204492657
5741,22.248616361809372
5742,22.237925297609543
5743,22.22750912563613
5744,22.09517387165127
5745,22.063982900584815
5746,21.953746244547514
5747,21.876644836621203
5748,21.912025216426294
5749,21.900673073448672
5750,21.89191499134176
5751,21.883010448127266
5752,21.884599112599854
5753,21.876751352660182
5754,21.871058592361777
5755,21.889181997269468
5756,21.871264693176943
5757,21.88433467246442
5758,21.9014806532869
5759,21.876292615091124
5760,21.908727614955964
5761,21.874158658069504
5762,21.77956899386318
5763,21.74063019673133
5764,21.72050041598578
5765,21.664491451156152
5766,21.443785429401956
5767,21.40927172279399
5768,21.37191149739886
5769,21.348179133139872
5770,21.292658772097344
5771,21.01432134388733
5772,21.057400045865528
5773,21.288786243581008
5774,21.366388078935152
5775,21.380946411793023
5776,21.442146811273602
5777,21.49332063677425
5778,21.5445147027462
5779,21.669670172410473
5780,21.713461339680237
5781,21.638032160101154
5782,21.69121463552404
5783,21.619727145683555
5784,21.585910274596067
5785,21.464705659743124
5786,21.223202704190502
5787,21.244955945190473
5788,21.319927114965786
5789,21.293540451932397
5790,21.338271347510624
5791,21.305140705354905
5792,21.251094543519002
5793,21.287452301265727
5794,21.27254032915792
5795,21.416752519741774
5796,21.460818657121038
5797,21.63515316681336
5798,21.710273905891082
5799,21.81209593943511
5800,21.86051104141438
5801,22.007151310498827
5802,22.07552460978563
5803,22.16842993348737
5804,22.37675110921925
5805,22.49909781601926
5806,22.792830566510062
5807,23.10368136094889
5808,23.45034396877
5809,23.660959500685536
5810,23.88002621800356
5811,24.000604540659886
5812,24.387118773689416
5813,24.59172332931414
5814,24.838201438776785
5815,25.47966350838017
5816,26.469414071571318
5817,27.369397381651048
5818,27.9082182545235
5819,27.937950725261786
5820,27.64417689105011
5821,27.375967883529466
5822,27.573218619830122
5823,28.008761682903575
5824,28.246096533816875
5825,28.16290943917788
5826,28.227823932686057
5827,28.262686291669944
5828,28.852730650827876
5829,29.64784893554515
5830,30.14624964538103
5831,30.374742931440963
5832,30.757671193638753
5833,31.973281773539767
5834,33.182279427831986
5835,33.340976196093834
5836,33.69188552755679
5837,33.76310374016988
5838,33.83132262847094
5839,33.79969564358329
5840,34.287957508321206
5841,35.21695105069987
5842,35.70856791169663
5843,36.04108002204855
5844,36.44956877543146
5845,36.98248155055583
5846,36.86939319757849
5847,35.909356697249144
5848,34.828045273516004
5849,34.27701245075864
5850,34.179649741204884
5851,33.78817808352303
5852,33.54524375799666
5853,33.390399089685346
5854,33.29027536551058
5855,33.059300260724584
5856,32.69804110259546
5857,32.43600206548145
5858,32.41338960184021
5859,32.17319530576593
5860,31.802091427775625
5861,31.47417976809979
5862,30.99402725584616
5863,30.551295711346317
5864,30.023299388216508
5865,29.88083965281928
5866,29.58706076330254
5867,29.106721048418013
5868,28.832660187572007
5869,28.400374151208297
5870,28.197278475569597
5871,27.922009286911553
5872,27.682617701074044
5873,27.452441457085804
5874,27.145166719963434
5875,26.699306610957997
5876,26.38455144283041
5877,26.141150536308935
5878,25.91906099201023
5879,25.655373455467437
5880,25.362984843499802
5881,24.984476345607842
5882,24.763222385612618
5883,24.488265365232582
5884,24.310744585758314
5885,24.241601739114017
5886,24.110758159392567
5887,24.004033780932904
5888,23.81214078985199
5889,23.67885727322043
5890,23.60190108170498
5891,23.59383736567207
5892,23.478075705429465
5893,23.498735234943933
5894,23.476578284084326
5895,23.50499935350309
5896,23.449787330290178
5897,23.416120146080395
5898,23.40503491677475
5899,23.343416313540185
5900,23.29436243264124
5901,23.237989337648447
5902,23.14153298203617
5903,23.164987676529492
5904,23.54358415179206
5905,23.509767258527237
5906,23.478285536374027
5907,23.41781966848433
5908,23.394268000853454
5909,23.373846077559435
5910,23.317646857751182
5911,23.326221596999417
5912,23.2178250258046
5913,23.15632798678793
5914,23.1164358821992
5915,23.057649071711513
5916,23.003643016371456
5917,22.96074147353739
5918,22.976922226160475
5919,22.8896297687702
5920,22.77139992429082
5921,22.69880156793573
5922,22.748671041075152
5923,22.66911290619619
5924,22.665955688428966
5925,22.66039503411292
5926,22.662631931260623
5927,22.621856008334994
5928,22.619866964382084
5929,22.572310321482558
5930,22.487766135545307
5931,22.52317737103496
5932,22.487606030840155
5933,22.439377322178885
5934,22.465477620200435
5935,22.463867620789777
5936,22.469953417617372
5937,22.483117639939536
5938,22.474130108263523
5939,22.54107386214251
5940,22.63723470584697
5941,22.78132732729538
5942,22.850222355678184
5943,22.895221936597743
5944,23.052348102663363
5945,23.386214084702758
5946,23.56092814278726
5947,23.654305255908582
5948,23.792916806429794
5949,23.95516570580225
5950,24.190255216731444
5951,24.52428599670806
5952,24.94901716347169
5953,25.371604284982855
5954,25.606380802637528
5955,25.74759970301151
5956,25.89648260285262
5957,25.989219593895402
5958,26.16865699194006
5959,26.468379092986957
5960,26.66073665031162
5961,26.678141931688305
5962,26.628238321609356
5963,26.654811321876213
5964,26.678512542362398
5965,27.06282531446495
5966,27.511283535802267
5967,27.967013630328935
5968,28.315897636939713
5969,29.067525767558806
5970,29.637506915180793
5971,30.181473616291036
5972,30.137349354171686
5973,30.245754322224187
5974,30.823996187550428
5975,31.359960551942986
5976,31.367117413148453
5977,31.594357708656712
5978,31.94441656016051
5979,32.748692243144326
5980,33.27405817948109
5981,33.5737864810772
5982,34.049954290287346
5983,33.91823840197755
5984,33.438717979136655
5985,33.318575073577804
5986,33.187936611541964
5987,32.843078244467236
5988,32.818252001213985
5989,32.768021615105965
5990,32.42149971037641
5991,32.09494583079078
5992,31.85924482675514
5993,31.82234342514561
5994,32.14286492568841
5995,33.20512597776384
5996,34.034238710699
5997,34.243082108823025
5998,34.0713143513435
5999,33.55749143020817
6000,32.795105412767626
6001,32.3075496702178
6002,31.950257930399857
6003,31.568686321895406
6004,31.345187463960354
6005,30.845998667472955
6006,30.886221856333307
6007,30.946056276715147
6008,30.688223173512256
6009,30.306174599591085
6010,29.90415947644282
6011,29.41522681841323
6012,29.134500779508624
6013,29.082850707456416
6014,29.029440059946328
6015,28.86113880255389
6016,28.60671552303333
6017,28.087139017621823
6018,27.58254584068278
6019,26.780310891510904
6020,26.185195297288193
6021,25.51465920394058
6022,25.05889583462313
6023,24.549830737221072
6024,24.025832746446817
6025,23.66359783331081
6026,23.35204841967759
6027,23.133740507396183
6028,22.936223981628856
6029,22.758026875351597
6030,22.61163947273303
6031,22.432636207724705
6032,22.271002778523968
6033,22.12239524656551
6034,22.039249914106154
6035,21.691306395471624
6036,21.539941872370797
6037,21.5397706273122
6038,21.352653200713455
6039,21.189021470828447
6040,21.23868024391137
6041,20.979183085422278
6042,20.893037120618775
6043,20.72570550000591
6044,20.733727153706226
6045,20.610890817387784
6046,20.494783098079107
6047,20.360608344087048
6048,20.07945722272934
6049,19.903678085058402
6050,19.880920246516585
6051,19.80025185950577
6052,19.573476610788408
6053,19.514783881922753
6054,19.445929960975576
6055,19.215276234838406
6056,19.22570133877066
6057,18.844262998343
6058,18.71739683324146
6059,18.640912888122074
6060,18.39885056785449
6061,18.31572727357844
6062,18.25629431935977
6063,18.11347310378766
6064,18.11592440910407
6065,17.90682952985369
6066,17.853376763565333
6067,17.79649551545542
6068,17.649433354622495
6069,17.62139948513103
6070,17.4378033730917
6071,17.25586780513305
6072,17.449182089974272
6073,17.470243763923854
6074,17.195856079812547
6075,17.171024726946094
6076,17.168175761059945
6077,17.114240292329963
6078,17.13840623096838
6079,17.078206775093363
6080,17.02173875144603
6081,17.054747995162963
6082,17.18444210344254
6083,17.242688471878715
6084,17.387695362016082
6085,17.527537019969934
6086,17.75803029046632
6087,18.123758358334335
6088,18.555337498876646
6089,19.159124441337006
6090,19.815357307736697
6091,20.532506547258883
6092,21.107421634755745
6093,21.73648445873026
6094,22.69730664462724
6095,23.60041734980535
6096,24.609324894792596
6097,25.501110239557647
6098,26.110404115257154
6099,26.82629231254773
6100,27.419115771776212
6101,28.281060366981254
6102,29.074430824051934
6103,30.16968280342341
6104,30.53105364791163
6105,31.203673140376026
6106,31.907494925008194
6107,32.317037600934555
6108,32.995026498636044
6109,33.75845872246445
6110,34.68484384871002
6111,35.47891577355996
6112,36.32886751169001
6113,36.78853433710902
6114,37.604402702248066
6115,38.156089900232274
6116,38.4958706784206
6117,38.754060863117125
6118,39.12989460346085
6119,39.34520972899105
6120,39.17623421329564
6121,39.249297145784666
6122,39.64858684963432
6123,39.63656437421829
6124,39.51884387692481
6125,39.334336372131816
6126,39.11833105931089
6127,38.88409968136483
6128,38.3092418524108
6129,37.35863655589245
6130,35.86392825811813
6131,35.03712795536282
6132,34.497133077896606
6133,33.88541150518023
6134,33.62724958479651
6135,33.36115835263792
6136,33.249023192027806
6137,33.1914067313349
6138,32.77492941307983
6139,32.277907783180225
6140,31.831269753162093
6141,32.22113498322365
6142,32.73839327288887
6143,33.15156633119088
6144,33.32953019653314
6145,32.75421170350199
6146,32.57959101586825
6147,31.94032218232525
6148,31.324352583594724
6149,31.287271021054842
6150,31.30782054063464
6151,31.199557301529964
6152,31.026987085780043
6153,30.80330273364568
6154,30.683983942080374
6155,30.441879832381787
6156,30.222689062256972
6157,29.83201696897969
6158,29.396569849492096
6159,28.859984505824457
6160,28.30895999487222
6161,27.948432137179807
6162,27.50361598509929
6163,27.196378190102674
6164,26.872226406724394
6165,26.637551517178196
6166,26.28132040223779
6167,26.023607109934503
6168,25.81922624782177
6169,25.497073541479374
6170,25.2989866794983
6171,25.15095117470706
6172,24.94323310324168
6173,24.732811924049347
6174,24.59353967477037
6175,24.409837941799815
6176,24.04830243502266
6177,23.742027753608173
6178,23.488548725519337
6179,23.256406773797988
6180,23.17476687374833
6181,22.89037637359867
6182,22.648673814241832
6183,22.507189684153584
6184,22.354408014584646
6185,22.193442188345134
6186,22.041417709775754
6187,21.87785387992914
6188,21.775285724994248
6189,21.725576722689155
6190,21.596485056297627
6191,21.49152357344088
6192,21.183091309740043
6193,21.06713272984295
6194,20.95247714630438
6195,20.838030223567085
6196,20.891909146929805
6197,20.89395697247551
6198,20.874682582288166
6199,20.856394886857114
6200,20.956790728065666
6201,21.002494246932994
6202,20.932105247427685
6203,20.791633458820353
6204,20.76676256032841
6205,20.65397185544608
6206,20.57011192195946
6207,20.44843623211909
6208,20.409905348171037
6209,20.37271372306156
6210,20.243249389125772
6211,20.19513172996825
6212,20.198953627020142
6213,20.154585198685695
6214,20.096084121813835
6215,19.981253227731763
6216,19.966714358518782
6217,19.944829569440365
6218,19.829095107238082
6219,19.79999573910892
6220,19.7866344984059
6221,19.790296776141002
6222,19.724997653064175
6223,19.70685688343081
6224,19.721168655630514
6225,19.656189868421475
6226,19.636980366531663
6227,19.613434169121007
6228,19.712531845332823
6229,19.942384643550042
6230,20.092642172252624
6231,20.200536444388664
6232,20.368651305748678
6233,20.72211754426567
6234,21.23960054496081
6235,21.750236816528563
6236,22.24589978661437
6237,22.951779771994474
6238,23.682194313102038
6239,24.435266462481998
6240,24.815364753862063
6241,25.268224312265946
6242,25.6629812290186
6243,26.377182627288896
6244,27.09453004447531
6245,27.827138484375432
6246,28.07173908231057
6247,28.20790152134296
6248,28.152133946016853
6249,28.63771173886105
6250,28.66666995260419
6251,29.823874164937155
6252,31.2691518298321
6253,32.457576788737555
6254,33.13814559535152
6255,33.669958236383174
6256,34.367314997968904
6257,34.72167200184425
6258,34.609701082711695
6259,34.551942766438636
6260,34.970559912966756
6261,34.89405388872925
6262,34.76976843929441
6263,34.77757460764681
6264,35.17674903246642
6265,36.267408870311435
6266,36.521688959972764
6267,36.53634946672967
6268,36.60489505240007
6269,37.06641901402011
6270,36.89159908553532
6271,36.246641170416346
6272,35.334611983349234
6273,34.121839427832406
6274,33.29452404288911
6275,32.87028084596524
6276,32.352815492506615
6277,32.15725378896247
6278,32.15198594200329
6279,32.36445558131629
6280,33.03303185745803
6281,33.77971923180508
6282,34.042536147462755
6283,33.958646458422535
6284,33.653420807933635
6285,33.62216916403034
6286,33.64164443567617
6287,33.365511124112636
6288,33.27483021481642
6289,32.81215888523798
6290,32.43471533137477
6291,31.717362741603065
6292,31.51483536793432
6293,31.09236531674952
6294,30.839743007414647
6295,30.554091694388703
6296,30.140914239854524
6297,29.901442651179323
6298,29.73409046842836
6299,29.831787034024455
6300,29.834282717786493
6301,29.285575274327527
6302,28.985301885899897
6303,28.79446909697871
6304,28.39824199518728
6305,28.077168634078372
6306,27.590602739547418
6307,27.41449030032124
6308,27.22161656687011
6309,26.919195906060235
6310,26.681111323975443
6311,26.329473213644384
6312,25.97603742589741
6313,25.791964687668877
6314,25.57747541785638
6315,25.064119885379398
6316,24.81286222117504
6317,24.79232490917206
6318,24.43309937816813
6319,24.141774009568795
6320,23.947970370554422
6321,23.77656813363875
6322,23.601686443617048
6323,23.468896926412665
6324,23.386007940935926
6325,23.171714130569327
6326,23.1566715926632
6327,22.841728167218395
6328,22.780549669228296
6329,22.792469334338556
6330,22.622853533252922
6331,22.471132388889362
6332,22.296387690378502
6333,22.132188287066136
6334,22.121588414924677
6335,21.958291320819452
6336,21.693510091095366
6337,21.610695567550515
6338,21.55147395355443
6339,21.393823019826527
6340,21.300907530886242
6341,21.173520482232473
6342,21.11497858771747
6343,21.07710897723828
6344,20.914967855381807
6345,20.854775081693006
6346,20.80112791720393
6347,20.706358179588122
6348,20.659443065780525
6349,20.63562549465212
6350,20.447512540445132
6351,20.37676434361942
6352,20.257826870093105
6353,20.214182901519727
6354,20.121128951347032
6355,20.129556660368742
6356,20.042108645872283
6357,19.93978261147678
6358,19.88079663036732
6359,19.818860444868967
6360,19.82519307857697
6361,19.77438238285848
6362,19.810576006393635
6363,19.658108861862978
6364,19.493578405822753
6365,19.376888098472996
6366,19.251949660551812
6367,19.22897460134945
6368,19.219982441601832
6369,19.260610167329645
6370,19.24932947340147
6371,19.242120620013115
6372,19.365747724361498
6373,19.488236960162382
6374,19.653056208272695
6375,19.90588836188808
6376,20.28487472375691
6377,20.82035309353476
6378,21.290213181463564
6379,21.812325811538326
6380,22.49071204861732
6381,23.122717760250737
6382,23.646979893726098
6383,24.302640216136492
6384,25.414333307942297
6385,26.13635323778229
6386,26.541968929989856
6387,27.301694444561004
6388,28.052708212779557
6389,28.9643406120548
6390,29.945796033112067
6391,30.54010343835813
6392,31.323776059999833
6393,32.009414634457364
6394,33.045150915670064
6395,34.045191382642706
6396,34.75522030846757
6397,35.690047182368836
6398,36.619784748501004
6399,37.309426798121834
6400,37.75530019121034
6401,38.38322676389868
6402,38.75671797118966
6403,38.82873311409015
6404,38.483074429327544
6405,38.52866452614242
6406,38.23980701696696
6407,37.93728434287505
6408,37.768331453571314
6409,37.822852499746915
6410,37.75804001035636
6411,38.00014266474356
6412,38.07884357176139
6413,38.01850265980056
6414,38.19259506342212
6415,38.20994622705072
6416,38.3428486941299
6417,38.371227640047806
6418,38.251854971640874
6419,37.703240740762865
6420,36.98154950205054
6421,37.02370555710713
6422,36.57404079806628
6423,36.43936648481061
6424,36.29201481717716
6425,35.72758915978072
6426,34.95208358275214
6427,34.79600524894327
6428,34.799153343367145
6429,34.61180685421007
6430,34.836214633470654
6431,34.50218551031732
6432,34.28415774974981
6433,34.19891694670917
6434,33.82218994963644
6435,33.37989527625099
6436,33.295095570759266
6437,33.197158235803236
6438,32.97650966870085
6439,32.84345564757137
6440,32.35792598191684
6441,31.9492240986424
6442,31.633084497450476
6443,31.291597673195422
6444,31.02876905087121
6445,30.7550042254947
6446,30.439244039651435
6447,29.990757919482597
6448,29.44221902048532
6449,29.035763189168236
6450,28.45238811859368
6451,28.141408991711636
6452,27.728610062901943
6453,27.308209907348278
6454,26.821755312639088
6455,26.3974352718524
6456,26.258211548629482
6457,26.03290773919894
6458,25.80748123188352
6459,25.723066234681667
6460,25.54585223953245
6461,25.42956356425286
6462,25.190859628961455
6463,25.006478873369467
6464,24.727693471640237
6465,24.46269061751824
6466,24.243013565133047
6467,24.108822511054946
6468,23.980088633597845
6469,23.710284181289676
6470,23.536121552477347
6471,23.426579545134885
6472,23.31507999434841
6473,23.191612865552344
6474,23.118453305872677
6475,23.041282273888964
6476,22.96264132151788
6477,22.803230903234294
6478,22.68300275087265
6479,22.60327795558068
6480,22.501600333903713
6481,22.167012416679967
6482,22.083593551386457
6483,22.09229907877156
6484,21.976052779706766
6485,21.75034919776226
6486,21.773815847176508
6487,21.531200869999957
6488,21.52780517918844
6489,21.464537002368598
6490,21.456337634604335
6491,21.424180060650293
6492,21.296551738290766
6493,21.20237258114416
6494,21.170009980039193
6495,21.145395432365607
6496,20.917101849236325
6497,20.814536147842972
6498,20.787970007600336
6499,20.673695919316504
6500,20.569205289749895
6501,20.569046728017206
6502,20.483658321819185
6503,20.43350645499226
6504,20.475273120979992
6505,20.422383466885698
6506,20.400000796390067
6507,20.305926581979353
6508,20.20969252962697
6509,20.133610788497954
6510,19.981701858139807
6511,19.9281824768304
6512,19.901951840111014
6513,19.73485237267367
6514,19.649355055497956
6515,19.645030318042323
6516,19.75046690781927
6517,19.99748778827377
6518,20.21192508200081
6519,20.521650919628634
6520,21.067080075588347
6521,21.752564142611085
6522,22.441461015393983
6523,23.065310754075366
6524,23.80440266552284
6525,24.69967128763363
6526,25.652403946924352
6527,26.60179721918631
6528,27.77736585887737
6529,28.491884577923813
6530,29.40414276870796
6531,30.08011302587126
6532,30.957394109033547
6533,31.606462108107962
6534,32.12149058642161
6535,33.19367229062421
6536,34.01283101030667
6537,34.85272673871205
6538,35.53568899377352
6539,36.220106769939164
6540,36.70706620319177
6541,37.506294414744225
6542,37.83357222860703
6543,38.13823690253326
6544,38.36554384519069
6545,38.367809637610925
6546,38.08191098553449
6547,37.94892976799657
6548,37.986484449114414
6549,38.0657858916172
6550,38.34160500872331
6551,38.64005656340133
6552,38.93890619226545
6553,39.23563420127123
6554,39.46190461573659
6555,39.691519527011714
6556,39.78926229861921
6557,39.647223189324535
6558,39.62430301933439
6559,39.559756546941685
6560,39.46941773008507
6561,39.38089101931476
6562,39.27889138292795
6563,39.126327809484934
6564,38.93077780175739
6565,38.7968010750626
6566,38.42210933088853
6567,37.99802471674479
6568,37.72863724986454
6569,37.38930640329793
6570,36.881156202314074
6571,36.619192903724354
6572,36.43859095232244
6573,36.03940457800408
6574,35.78363241644295
6575,35.64691434119151
6576,35.4679443571522
6577,35.337128855294154
6578,35.155986174367484
6579,34.74396775260978
6580,34.55202804531936
6581,34.47472593506304
6582,34.245343361633076
6583,34.01325371347971
6584,33.75572162752121
6585,33.52215873356403
6586,33.089879289142615
6587,32.63412679920488
6588,32.25417372245941
6589,31.858156598224006
6590,31.504925043739185
6591,31.192329251072984
6592,30.827739531285125
6593,30.398791013362608
6594,30.06252681533127
6595,29.57062566364165
6596,28.904291485715067
6597,28.452537325240947
6598,28.152561231582553
6599,27.892795982244266
6600,27.64638156957041
6601,27.48636123633692
6602,27.31438572881531
6603,27.226053439993102
6604,26.91020747755892
6605,26.64209126830011
6606,26.482090703161376
6607,26.308698400377466
6608,26.180445247603753
6609,25.90232151735403
6610,25.7689537447539
6611,25.570693994106477
6612,25.43957767950532
6613,25.21093463001376
6614,25.032754739160623
6615,24.90641700539048
6616,24.680726732128942
6617,24.415265425839838
6618,24.179942794536018
6619,24.182907608340948
6620,23.97107471800118
6621,23.746787640947865
6622,23.621225362083095
6623,23.388214824230815
6624,23.57448762496998
6625,23.456124167407452
6626,23.31749375174954
6627,23.20331190228442
6628,23.05753757626368
6629,22.850277000809477
6630,22.701177000856973
6631,22.50160173412479
6632,22.299379432308566
6633,22.08319624411925
6634,21.812535025494842
6635,21.815281672937815
6636,21.831952564716676
6637,21.721097040609997
6638,21.68994473269987
6639,21.57826614262214
6640,21.559825622887793
6641,21.295622580305643
6642,21.16160506108991
6643,21.129957219700632
6644,21.101870655572107
6645,21.019509057410133
6646,20.941114478449915
6647,20.832967533830193
6648,20.67637774578152
6649,20.547935848146338
6650,20.355882620392286
6651,20.27614106063646
6652,20.095586612765974
6653,20.01344522104712
6654,19.905106660156434
6655,19.92305663311094
6656,19.858871162917648
6657,19.90823252190402
6658,20.001396473854424
6659,20.053920486553437
6660,20.23245566986217
6661,20.38843812859836
6662,20.793608933743236
6663,21.173039986676844
6664,22.18420221775795
6665,23.033774069869434
6666,23.84564166197945
6667,24.81150833995693
6668,25.674228771041527
6669,26.583858155584757
6670,27.283748498930716
6671,28.463874511235158
6672,29.653219922294028
6673,30.58498007853866
6674,31.603457497341942
6675,32.28564897298215
6676,33.101344549847916
6677,33.94461373961592
6678,34.61210089367474
6679,35.22714205940935
6680,35.8402615944459
6681,36.33478017473683
6682,36.79808988133411
6683,37.340361730838275
6684,37.787114183125716
6685,38.01232137576703
6686,38.528613075424275
6687,38.58701343175974
6688,38.70673844291058
6689,38.64151549874089
6690,38.37422856968508
6691,38.05761296185606
6692,37.88765637511204
6693,37.829745539969416
6694,37.87583872042803
6695,38.05122426292403
6696,38.23249920031579
6697,38.37504174981483
6698,38.63647965373064
6699,38.75065848623791
6700,38.718325813837616
6701,38.73861090456701
6702,38.693458297722785
6703,38.59973162050234
6704,38.687696076992616
6705,38.72750175381848
6706,38.635165613137204
6707,38.511727620586306
6708,38.36229128684891
6709,38.253319174875806
6710,37.7857427154186
6711,37.27057742839918
6712,36.97342336480616
6713,36.76264956402353
6714,36.329276923653936
6715,36.09530657983333
6716,35.76356170897943
6717,35.47865705769964
6718,35.40406174358189
6719,35.26698701166254
6720,35.01722587756213
6721,34.87640727300353
6722,34.71160518495654
6723,34.28838609129604
6724,34.11465992163643
6725,33.910063108944804
6726,33.69827197972313
6727,33.53974255400776
6728,33.371081745385396
6729,33.22606319046474
6730,33.00195380755368
6731,32.671456974239845
6732,32.36108719897788
6733,32.03624440145591
6734,31.619078897067002
6735,31.205015176942986
6736,30.855301623427955
6737,30.45481574192904
6738,29.974411257855607
6739,29.543925494520415
6740,29.1036390397987
6741,28.622716484286002
6742,28.232567875496734
6743,27.866237775014927
6744,27.63544915398474
6745,27.40987585313046
6746,27.34130089159039
6747,27.297633161615966
6748,27.372869110954348
6749,27.322353530498102
6750,27.332478207731924
6751,27.198785790269437
6752,27.13954986986078
6753,27.07857528797185
6754,26.877703554084363
6755,26.716082373215297
6756,26.475765216423483
6757,26.26614094301204
6758,26.126743502902592
6759,25.973259508337918
6760,25.75153124517403
6761,25.619514243966734
6762,25.303842588118783
6763,25.288507622896034
6764,25.10121524059433
6765,25.04777455209002
6766,24.869347134001806
6767,24.727942147245365
6768,25.313362321019277
6769,25.13905175183286
6770,25.238263330155878
6771,25.10593824190575
6772,24.902702681424316
6773,24.762949642219823
6774,24.454259497208238
6775,24.250495764947484
6776,23.959541539327454
6777,23.618440238614102
6778,23.348833455096532
6779,23.170816295552232
6780,23.073375483208356
6781,23.21353197773194
6782,23.156622670931355
6783,23.023214968931924
6784,22.909534884090686
6785,22.914094741551743
6786,22.830884643897917
6787,22.798836364888107
6788,22.441628458788642
6789,22.51206409256388
6790,22.53946120241217
6791,22.318037681070248
6792,22.229016263144423
6793,22.20174812980371
6794,22.046446695874625
6795,22.14745582271055
6796,22.10309484313274
6797,21.896047353413508
6798,21.699526831790305
6799,21.40838513231072
6800,21.5648617627756
6801,21.500393909957367
6802,21.487961787087563
6803,21.611957498149316
6804,21.716214790409655
6805,21.923453624167735
6806,22.193506043804604
6807,22.44792182732225
6808,22.809568519146943
6809,23.27105861046896
6810,23.67501022266946
6811,24.354388804494715
6812,25.117106153136046
6813,25.590431019502663
6814,25.913415140052585
6815,26.434271536545445
6816,26.812198655343728
6817,26.72039188928116
6818,26.83174103483608
6819,27.517147285477915
6820,29.05759062315905
6821,30.347357297152033
6822,31.54231870743442
6823,32.365410890300886
6824,33.24362900663968
6825,34.08122206216649
6826,34.79026289261256
6827,35.38782842677006
6828,35.97650546532391
6829,36.370897519293266
6830,36.28566358069383
6831,36.94215839590578
6832,37.25441272437217
6833,37.16387704313124
6834,37.46962267084894
6835,37.227547019331226
6836,37.339899692620314
6837,37.45727624137096
6838,37.25540897518961
6839,37.2527862178223
6840,37.5633200111847
6841,38.07111436168083
6842,38.24966237570734
6843,37.90054462726213
6844,37.219433080828374
6845,36.90771161125923
6846,36.51316216670715
6847,36.21705671708465
6848,36.481998702673486
6849,36.74294499201876
6850,36.945967296101465
6851,36.515410412048055
6852,36.03379492810022
6853,35.6894094774811
6854,35.30499454681766
6855,34.84299325980795
6856,34.34043428283621
6857,33.856584163085486
6858,33.6324754626105
6859,33.48643059836178
6860,33.42944430299157
6861,33.30030473819372
6862,33.291174856425194
6863,33.302556009608764
6864,32.733875923538015
6865,32.4716917623057
6866,32.086873625871526
6867,31.42912608591754
6868,31.106900598497525
6869,30.950020807325703
6870,30.760570259345094
6871,30.436245739842388
6872,30.111725090381146
6873,29.835838304403705
6874,29.575188961405267
6875,29.30577024247609
6876,28.992448183955084
6877,28.72679474222074
6878,28.452097481806653
6879,28.14400810136785
6880,27.904931749449087
6881,27.728479324626072
6882,27.494773355154955
6883,27.28568720117655
6884,27.151007021645817
6885,26.97644904674887
6886,26.82887519913784
6887,26.730592537415983
6888,26.54340269028169
6889,26.32191181013105
6890,26.01950200878666
6891,25.71559390332406
6892,25.372707023085184
6893,25.082945928039237
6894,24.94360783137445
6895,24.81212705968234
6896,24.38453934644944
6897,24.22943876836288
6898,24.05779815294272
6899,23.961669897633772
6900,23.84539341258922
6901,23.868853774767764
6902,23.72323653106002
6903,23.548538190934234
6904,23.41008829791966
6905,23.307391484715204
6906,23.20114054452847
6907,23.132461483632373
6908,23.00881216937829
6909,22.93221535551208
6910,22.86220832762477
6911,22.795746883174722
6912,23.123248701679174
6913,23.088709977171273
6914,22.754785767623297
6915,22.60810265548695
6916,22.226436059475866
6917,22.033053469023155
6918,21.8982067505068
6919,21.815403417953
6920,21.63501175268259
6921,21.489894167119935
6922,21.869087381567876
6923,21.616843304372637
6924,21.76693763259295
6925,21.86831288332332
6926,22.000976002837774
6927,21.758226632730402
6928,21.758970498982404
6929,21.576214277778263
6930,21.485933132532402
6931,21.4573480551486
6932,21.150234570021414
6933,21.210451159270466
6934,20.972269420067196
6935,20.846542351320018
6936,20.888189778583687
6937,20.697194141882512
6938,20.555886943016716
6939,20.496955790260216
6940,20.471408758527545
6941,20.536721383776527
6942,20.577076573706293
6943,20.59178329093466
6944,20.64880155973272
6945,20.5862479114237
6946,20.457666223364846
6947,20.36940410076682
6948,20.380501276044786
6949,20.50390769899922
6950,20.85153165157223
6951,21.001103904721962
6952,21.208284750585534
6953,21.66841311605761
6954,22.303395333761017
6955,22.91762608678331
6956,23.374050565108174
6957,24.0951407293006
6958,24.2655633772004
6959,24.790402255711577
6960,25.40014841502444
6961,25.871228002843488
6962,25.86351500420629
6963,26.381246706101443
6964,27.217725923873722
6965,28.215841211546948
6966,29.13982224921014
6967,29.661296100392466
6968,30.33246481484227
6969,30.781390665056676
6970,31.167584742957192
6971,31.91834909627213
6972,32.37974549344742
6973,33.57383397225008
6974,35.10081481286868
6975,35.58574888726367
6976,36.02570793245647
6977,36.493336234222724
6978,37.25908196446682
6979,37.425296559637104
6980,37.54712234739749
6981,36.823578280028
6982,36.7039852444639
6983,37.405039675008254
6984,37.59907685595854
6985,38.03326756426321
6986,38.55839926578253
6987,38.721876901663734
6988,38.407149840353746
6989,37.44593868538551
6990,36.71897504980648
6991,35.83668777712324
6992,35.14968936807727
6993,34.51935761007465
6994,34.772233194057335
6995,35.650395304416364
6996,35.93902645833083
6997,36.43426377575041
6998,36.654570593576274
6999,36.655290203462954
7000,36.677612616521714
7001,36.84528593625656
7002,36.532038255074575
7003,36.230441669216425
7004,35.62642773883519
7005,34.78849143513312
7006,33.935184255263394
7007,33.429665217927415
7008,33.26622091288829
7009,32.656103919173525
7010,32.11576286556406
7011,32.29190777073276
7012,32.62891141005225
7013,32.550843420807425
7014,32.73243180668742
7015,32.6578477637405
7016,32.12982476930652
7017,31.520071801016485
7018,31.10424630963086
7019,30.726347284543913
7020,30.383550936762916
7021,30.01925447693917
7022,29.604138969402094
7023,29.019685336780224
7024,28.614161727073437
7025,28.1938037329471
7026,27.59735009456983
7027,27.256922104715848
7028,26.853796528569422
7029,26.55029859878241
7030,26.286444063434022
7031,25.892583942948818
7032,25.651069897177624
7033,25.515466437674064
7034,25.32436094022039
7035,24.910411594443413
7036,24.62990515345517
7037,24.616032407438663
7038,24.379426506568542
7039,24.11605725415408
7040,23.800483826660187
7041,23.664440211633828
7042,23.446768311065775
7043,23.34239508742683
7044,23.051889804065063
7045,22.901617117488158
7046,22.734350562696587
7047,22.62577066614532
7048,22.661990191236303
7049,22.659767787643766
7050,22.42216401734639
7051,22.35826675946622
7052,22.069489375046977
7053,22.03297272133152
7054,22.184005853395565
7055,22.06501973674979
7056,21.938467079098793
7057,21.83415078108022
7058,21.757496802783074
7059,21.43922467674374
7060,21.29014988166526
7061,21.12240177914999
7062,21.000241707089625
7063,21.367044670142104
7064,20.951140101709022
7065,20.882054118010352
7066,21.305932999026016
7067,21.173099584475178
7068,20.99825882578945
7069,20.915588703557038
7070,20.81918646685152
7071,20.56772045895225
7072,20.467929694719007
7073,20.179747061721415
7074,20.25617776243202
7075,20.203500359605417
7076,20.378742575427797
7077,20.016518067513154
7078,19.946057403073183
7079,19.81815284012898
7080,19.673676462686096
7081,19.479059243191887
7082,19.387159783451054
7083,19.43144460694501
7084,19.28232448306401
7085,19.05898849790128
7086,18.948737935499274
7087,18.899960296893834
7088,18.94490189657302
7089,18.99602883185467
7090,18.903418488249407
7091,18.9634569134717
7092,19.042605939145744
7093,19.309532364918564
7094,19.621649839628517
7095,20.049602570009693
7096,20.7162743773674
7097,21.711188985922934
7098,22.67447595484009
7099,23.367417876622373
7100,24.21036574900731
7101,25.03308380739029
7102,26.043955616399778
7103,26.929437115103745
7104,27.851637724318852
7105,28.66917581785252
7106,29.558316220605533
7107,30.03489949718552
7108,30.774841815360148
7109,31.23054084656094
7110,31.679272679833897
7111,32.605678900040736
7112,32.569864202758225
7113,33.08594612817521
7114,33.664540917162164
7115,34.62840296866704
7116,35.63155058656493
7117,36.348124996836866
7118,36.67727516830466
7119,36.58879306851691
7120,36.739106210880074
7121,36.92031988647938
7122,36.41053488902173
7123,36.30254439450337
7124,37.02650195827295
7125,37.29651067514051
7126,36.99319264145589
7127,36.828567462849435
7128,36.82427551490073
7129,37.44420716914428
7130,37.62149737859636
7131,37.17820977365899
7132,36.532486767440176
7133,36.16600924285437
7134,35.860526829544746
7135,35.462002169626686
7136,35.4515809619644
7137,35.21865944890193
7138,35.50501264602208
7139,35.90548176932781
7140,35.85958829237897
7141,35.78988736256131
7142,35.12472644148091
7143,34.51173262841297
7144,34.117174872205595
7145,33.7217363645549
7146,33.113150540243424
7147,32.6901581426178
7148,32.82772436012165
7149,33.84882975555661
7150,34.28647882579128
7151,34.51725576348367
7152,33.84636432710328
7153,33.51668695223425
7154,33.8188015458688
7155,33.73376124732251
7156,33.49390183581379
7157,32.83975437882141
7158,32.26043657097843
7159,31.76846510396014
7160,31.24060456537319
7161,30.723005389282413
7162,30.213551834707562
7163,29.781828979250907
7164,29.31743550218133
7165,28.97146687818285
7166,28.599953168632563
7167,28.277661071065868
7168,27.912662680757062
7169,27.716862804415044
7170,27.440650871185625
7171,27.172371688887356
7172,26.93621364190622
7173,26.654530872977745
7174,26.249846647912957
7175,25.976521826906378
7176,25.738315396851522
7177,25.5968200722017
7178,25.314277846588983
7179,24.99453709743425
7180,24.893822462760202
7181,24.971372379592037
7182,24.71558604114849
7183,24.603012116204102
7184,24.56988831301848
7185,24.54645334758748
7186,24.439624723903616
7187,24.294311453515387
7188,24.155265633750886
7189,24.006021692402506
7190,23.872418024480744
7191,23.4952576466964
7192,23.41361081899803
7193,23.404152097123845
7194,23.330658301819504
7195,23.31659889066914
7196,23.277835887227305
7197,23.14486506159429
7198,23.15332840802475
7199,23.05638533094672
7200,23.489787594798603
7201,23.31579681935253
7202,23.280927691671874
7203,23.14661024736911
7204,23.12723240814268
7205,22.947313753530587
7206,22.891451700235443
7207,23.108862553507688
7208,23.164989235473755
7209,23.18812685237304
7210,23.228278170819905
7211,23.18918657378186
7212,23.140211547153346
7213,23.053509106595275
7214,22.99813245388859
7215,22.898242046409628
7216,22.80972450415128
7217,22.704916527177826
7218,22.63968693809597
7219,22.616455067166726
7220,22.577052634228316
7221,22.380361155091673
7222,22.446747597102387
7223,22.347968602079455
7224,22.355888356126115
7225,22.117875475839583
7226,22.2282396013598
7227,22.281340561530687
7228,22.205700569721667
7229,22.272730321172
7230,22.16838583259894
7231,22.085419640666082
7232,21.988644950466867
7233,22.022336608991388
7234,22.05666046297846
7235,22.005710384380954
7236,21.938293626163787
7237,22.034436656625527
7238,22.08881093091985
7239,22.217260414687903
7240,22.373001397806053
7241,22.66899691534269
7242,22.910151108015278
7243,23.398745100377564
7244,23.998059360561946
7245,24.737846465405205
7246,25.243510377552052
7247,25.678407434892804
7248,26.183614755772084
7249,26.475894372685897
7250,26.7478616838349
7251,26.802910660005963
7252,26.82180842495052
7253,26.73941070658153
7254,26.793365579170516
7255,26.71839440123435
7256,26.606232518568813
7257,26.5591970985148
7258,26.470397005307532
7259,26.483643196346225
7260,26.46539725880247
7261,26.53437392757422
7262,26.563689593761982
7263,26.625350232241516
7264,26.612503045375647
7265,26.488171961888373
7266,26.172109403618816
7267,25.696802826137233
7268,25.364141014673322
7269,25.263640410783946
7270,25.046453393460602
7271,25.171910342015458
7272,25.021356798850587
7273,24.866004722554564
7274,24.66318043971883
7275,24.44776806477514
7276,24.19513697380504
7277,24.11752732218178
7278,24.085752810836627
7279,24.112105770048174
7280,24.11946309222475
7281,24.10612077340285
7282,23.899776388073594
7283,23.621835151296864
7284,23.416630190741675
7285,23.08854625056097
7286,23.0187768540845
7287,22.993819114663733
7288,22.994946694311597
7289,23.114194471195376
7290,23.25769511858885
7291,23.10105839220021
7292,22.904190258048125
7293,22.74803145387127
7294,22.59137059705122
7295,22.527571223557445
7296,22.34732365512547
7297,22.246558853892054
7298,22.15974299873141
7299,22.131016406135203
7300,22.160200664853917
7301,22.197033035568726
7302,22.140619135999817
7303,22.120820276812218
7304,22.026186392814857
7305,21.913307993637535
7306,21.89094204328743
7307,21.787784872335866
7308,21.793778375775368
7309,21.74303319880268
7310,21.658309511255382
7311,21.56115493528647
7312,21.51494194583362
7313,21.442946627162286
7314,21.34256148786687
7315,21.24742096115755
7316,21.1116884870872
7317,21.033509203308988
7318,20.89691933175328
7319,20.782136484226065
7320,20.713603409430025
7321,20.673230603238373
7322,20.61919692994114
7323,20.580805578256488
7324,20.58452394480766
7325,20.530470346961806
7326,20.459553891590687
7327,20.38639285865682
7328,20.27489884871775
7329,20.13919615440388
7330,20.137051281993628
7331,20.115441491029106
7332,20.01679789602128
7333,20.004506127577883
7334,19.901906995934368
7335,19.8970045677169
7336,19.86644392173228
7337,19.87422721218833
7338,19.84015666109798
7339,19.83290046995605
7340,19.831330801042995
7341,19.86078878912347
7342,19.831601355085887
7343,19.843199888656105
7344,19.60959736089775
7345,19.629327302436863
7346,19.632712466366915
7347,19.635483999837366
7348,19.629929306947243
7349,19.644731974023813
7350,19.67932558516282
7351,19.693308239141384
7352,19.69690882634182
7353,19.70949338561136
7354,19.76085474320001
7355,19.77707245028335
7356,19.78162752640384
7357,19.778612914145107
7358,19.785409771953837
7359,19.7884564647172
7360,19.793019006881018
7361,19.80404908488564
7362,19.906601187412047
7363,19.912814377858194
7364,19.92039376914985
7365,19.927231305702716
7366,19.9399145332742
7367,19.934209595102697
7368,19.945430005245463
7369,19.94488812552176
7370,19.951179646069306
7371,19.954835446829016
7372,19.960680575552956
7373,19.995801441277404
7374,19.967007061169955
7375,20.012877845611772
7376,20.041987913170786
7377,20.165401252348268
7378,20.170208119173978
7379,20.249772510337337
7380,20.307595013856314
7381,20.372626214060592
7382,20.643855291392605
7383,20.718821562049243
7384,20.8578506238805
7385,20.893988790896675
7386,20.937237810857862
7387,21.002870068753456
7388,21.113246564251526
7389,21.14223073648199
7390,21.302322915677752
7391,21.35783327203248
7392,21.565890331923576
7393,21.67490948703433
7394,21.923466239603997
7395,22.066210279572744
7396,22.270668319478425
7397,22.45684476010982
7398,22.6035648292563
7399,22.75009125351574
7400,22.97825374190429
7401,23.06586503093642
7402,23.13763084463986
7403,23.511471223190544
7404,23.561376041891553
7405,23.51485178599005
7406,23.590301291060015
7407,23.861170041224202
7408,24.287524245625868
7409,24.42152410689829
7410,24.319766794925528
7411,24.21295530916184
7412,24.202234138600634
7413,24.494541160278473
7414,24.877006224480102
7415,25.878725700710607
7416,26.951388061879083
7417,27.431054434822215
7418,27.64206181917564
7419,27.606483247390933
7420,27.32255097789446
7421,26.89800285098214
7422,26.74065324240658
7423,26.74161318983132
7424,26.473039230896333
7425,26.253455860970607
7426,25.988052659242648
7427,25.79663832410554
7428,25.430633375784694
7429,25.164894797543297
7430,25.093148622764822
7431,24.944701307895937
7432,24.798380436442702
7433,24.777003490023567
7434,24.642474297829402
7435,24.690527710858888
7436,24.774755375712118
7437,24.709083597371976
7438,24.877452287808744
7439,24.94798933616158
7440,25.080722781094096
7441,24.976779945526054
7442,24.95890142003098
7443,24.751839372316006
7444,24.263046927663417
7445,24.02406451443879
7446,23.98059620912931
7447,23.94944681532634
7448,23.81264999242162
7449,23.736809460828443
7450,23.647892171050334
7451,23.605018493883104
7452,23.546265962027547
7453,23.438833835911616
7454,23.316508211922322
7455,23.167071547033544
7456,23.087953485357286
7457,23.004370329111406
7458,22.885920759506924
7459,22.836790486740878
7460,22.7370995893275
7461,22.57847403093904
7462,22.390687893658495
7463,22.338701507621902
7464,22.23685851992105
7465,22.172627596236133
7466,21.96546608506762
7467,21.93262523324635
7468,21.84414622651469
7469,21.776083015396477
7470,21.70307982999699
7471,21.645225405641284
7472,21.568465841408006
7473,21.588878317504005
7474,21.526408290838173
7475,21.52014038971643
7476,21.47444901376899
7477,21.470841610663406
7478,21.553545289557
7479,21.702931374296238
7480,21.642161399684362
7481,21.640759912679567
7482,21.580981895781118
7483,21.546970354749483
7484,21.36548501055053
7485,21.316356509651243
7486,21.274579430167332
7487,21.267488711444884
7488,21.16949133419996
7489,21.091544084338686
7490,20.983653812594852
7491,20.979912070720577
7492,20.87542234404075
7493,20.725954521328283
7494,20.68539901758981
7495,20.69770535156554
7496,20.631768783580544
7497,20.606730039738444
7498,20.72358734731505
7499,20.610141640064974
7500,20.540954797781843
7501,20.477946392506464
7502,20.426984115303334
7503,20.291905708820643
7504,20.226298235105975
7505,20.172510066582614
7506,20.143376847795054
7507,20.088188268991825
7508,20.069069364441326
7509,20.085631600713747
7510,20.189898671333353
7511,20.227567738994786
7512,20.133827713438635
7513,20.18259097962239
7514,20.092326451740163
7515,20.09164483305264
7516,20.103342545889692
7517,20.08543074233883
7518,20.048491802637617
7519,20.04159956570016
7520,20.123320723500466
7521,20.175154320145783
7522,20.175155876989354
7523,20.254628224181637
7524,20.32003369203638
7525,20.388246677871408
7526,20.486457604205484
7527,20.58711155094512
7528,20.699038372712057
7529,20.891761922764974
7530,21.214108977042176
7531,21.716746032746478
7532,22.509069265536986
7533,23.003014963073895
7534,23.83768316940364
7535,24.487747619259356
7536,25.262106963904827
7537,26.440790716923495
7538,27.368853741502846
7539,27.621210923806448
7540,28.0062600629452
7541,28.477173354026462
7542,28.701837653072797
7543,28.717068854991112
7544,28.702035085537226
7545,28.46965588473149
7546,28.458691928856666
7547,29.071498788482792
7548,29.5825208212223
7549,29.83604422602309
7550,30.83942284994164
7551,31.942381485764333
7552,32.56687641979667
7553,32.68867269041934
7554,32.73294292587572
7555,34.475849858421434
7556,35.106079721454094
7557,35.27334895540264
7558,35.47126970660295
7559,35.0088326716899
7560,34.722467816679355
7561,35.07797735999823
7562,36.09872525096088
7563,36.380454290316386
7564,36.59482361107088
7565,36.50500889644162
7566,36.396044755351994
7567,36.667167596929076
7568,36.03734896595507
7569,35.027142402691325
7570,34.30788876355005
7571,33.84812404291231
7572,34.12470148311279
7573,34.32657349933925
7574,34.58016779643641
7575,34.315636493248405
7576,33.57159161400031
7577,32.739298440026516
7578,32.76992164930521
7579,32.482408405013736
7580,31.93265185080545
7581,31.161213814037318
7582,30.921986560484907
7583,30.842820515583192
7584,31.11357976340225
7585,31.580977737050624
7586,31.356058393691313
7587,31.405766345429015
7588,31.22714441705295
7589,31.023867350445506
7590,31.16743886237839
7591,30.958017791502456
7592,30.54487421400908
7593,30.07428520529401
7594,29.584476058349296
7595,28.992236411925724
7596,28.382132296763185
7597,27.849367374381846
7598,27.53303449639561
7599,27.14576273761705
7600,26.81532423085249
7601,26.459528106607213
7602,26.142302286288462
7603,25.739336391529026
7604,25.17093865296991
7605,24.913086198148772
7606,24.58448384984171
7607,24.351642378994963
7608,24.15562390586638
7609,23.950145034327022
7610,23.65433815285948
7611,23.448273638730228
7612,23.287193811346427
7613,23.13137895231728
7614,23.07174123650127
7615,23.00743153751472
7616,22.7981166962522
7617,22.714897411135517
7618,22.58791245346228
7619,22.48282709551755
7620,22.364410831750394
7621,22.293385576769268
7622,22.233851429231525
7623,22.16316416082519
7624,22.080608914293574
7625,22.02529848319856
7626,21.862760152805695
7627,21.74826514753176
7628,21.81466424554519
7629,21.770587531037982
7630,21.817560639376637
7631,21.735818182286692
7632,21.6609739217067
7633,21.56236068062724
7634,21.658242875245623
7635,21.574702023764534
7636,21.614778127558704
7637,21.61976944000901
7638,21.564246014662118
7639,21.546050255323692
7640,21.52760071077382
7641,21.42240088674791
7642,21.523605046923873
7643,21.407338364165508
7644,21.305289052184783
7645,21.221815902353544
7646,21.17334483261307
7647,21.245594323814245
7648,21.44028192295059
7649,21.459891767056902
7650,21.462140823591195
7651,21.483055982754728
7652,21.45900393518003
7653,21.463680155183816
7654,21.414234814105804
7655,21.4299031198196
7656,21.457806277249514
7657,21.463706696717026
7658,21.470259165143776
7659,21.467088458484078
7660,21.47711327625685
7661,21.488791503275962
7662,21.40238543865719
7663,21.295914561016478
7664,21.380504804212684
7665,21.195696101341003
7666,21.164710706835606
7667,21.256497789359265
7668,21.391107613529307
7669,21.558789476705492
7670,21.69743525196059
7671,21.6424530059774
7672,21.809113379600866
7673,21.86701947481511
7674,21.927646041045687
7675,22.26338513778653
7676,22.55364133671643
7677,22.892380975206983
7678,23.12489514353492
7679,23.411858465726116
7680,23.530068918011054
7681,23.71545030698579
7682,23.99560750081094
7683,24.168473489826436
7684,24.413885373954454
7685,24.66048659698077
7686,25.30131181480951
7687,25.88771538509417
7688,26.500518786781324
7689,27.510356217451875
7690,28.51604234392427
7691,29.28392587443175
7692,29.94578890297329
7693,29.98500624285765
7694,30.373219724652362
7695,30.683170547172974
7696,30.986621671546498
7697,31.527098314369805
7698,31.650832047724347
7699,31.794380840864466
7700,31.864139099328284
7701,32.0085880202315
7702,33.1179249075727
7703,33.61611682768798
7704,34.42789818584675
7705,34.67523156350607
7706,34.90667249316093
7707,35.14646146739745
7708,35.67448754965035
7709,36.323863217156756
7710,36.67708407174633
7711,36.566686134153066
7712,36.592516620193905
7713,36.4700447631269
7714,36.30212614797614
7715,35.89482555407492
7716,34.709638441231036
7717,33.67487620994417
7718,33.07091298164684
7719,32.62834851784228
7720,32.56501089772616
7721,32.2820193624803
7722,32.28594943234609
7723,32.51808269137415
7724,32.28781532014724
7725,31.42010879749425
7726,30.766706642626808
7727,30.278672099132944
7728,30.240276437084745
7729,30.606403313079912
7730,30.69653978877875
7731,30.47721215181235
7732,30.51687694630489
7733,30.706520214542333
7734,30.632317281722887
7735,30.35978884917179
7736,30.17236086127898
7737,29.785494030384612
7738,29.571315942544278
7739,29.230537972246548
7740,28.761980147946645
7741,28.514508485028784
7742,28.273649571108088
7743,28.015841651095286
7744,27.755531705082344
7745,27.53303612327184
7746,27.2993372767433
7747,27.107816931741112
7748,26.830046505110413
7749,26.51983933676962
7750,26.177083348531436
7751,25.903520051646204
7752,25.445795591667032
7753,25.05435725530093
7754,24.77120213376901
7755,24.442000342557822
7756,24.25365019084731
7757,24.1983799669362
7758,24.03603794625723
7759,23.9055191010702
7760,23.871083624734833
7761,23.60298415126622
7762,23.35110148234088
7763,23.218601032050408
7764,23.14194607840962
7765,23.069556004712844
7766,22.97711317937039
7767,22.969193907006954
7768,22.97471058268235
7769,22.884888365444997
7770,22.817753330437696
7771,22.79917157296783
7772,22.70257712525527
7773,22.673295595597295
7774,22.650429084328092
7775,22.571805340664298
7776,22.669152938303178
7777,22.58033177260446
7778,22.449468987273455
7779,22.401108700920407
7780,22.31673405761628
7781,22.20233332315618
7782,22.201282202003103
7783,21.963295393390908
7784,21.95100059423126
7785,21.92888180166529
7786,21.832416824962824
7787,21.75606681773483
7788,21.70489973059768
7789,21.715453821782084
7790,21.704570588598184
7791,21.62325686977323
7792,21.54147167225096
7793,21.482701622078892
7794,21.40982724443285
7795,21.342193526120493
7796,21.340169988532203
7797,21.417645227830665
7798,21.413965399339826
7799,21.45691098406654
7800,21.489313236163575
7801,21.563815064989008
7802,21.574249915684966
7803,21.559600612874974
7804,21.534251407610608
7805,21.49437502629438
7806,21.517825005485275
7807,21.45660860177505
7808,21.423070994013806
7809,21.37946092925897
7810,21.36161830468518
7811,21.366725678263723
7812,21.316361512163255
7813,21.394880963448834
7814,21.465434432187166
7815,21.630546142557762
7816,21.713299743174364
7817,21.934063227642206
7818,22.19284444574222
7819,22.678708974175688
7820,23.113584637601505
7821,23.920182809697785
7822,24.75496749025895
7823,25.21787474522808
7824,25.82413719287117
7825,26.319635676855317
7826,27.528817498736068
7827,28.477573740413455
7828,29.13999969937809
7829,29.999014851664054
7830,30.779650392321248
7831,31.493148635002385
7832,32.09182123459185
7833,32.50348182563472
7834,33.17504186448826
7835,33.83428242833763
7836,34.63468855209956
7837,35.37963387002344
7838,35.695809141659886
7839,35.98440243788127
7840,36.2832008438189
7841,36.392520900341516
7842,37.13098736241119
7843,37.23784871411914
7844,37.20872982381976
7845,37.01371992137753
7846,37.24072256350026
7847,37.11255050843582
7848,37.236484296797784
7849,37.29318913095212
7850,37.094267808879486
7851,36.62808282124121
7852,36.645319019934604
7853,36.27607001449647
7854,35.52032589327175
7855,35.74751135244521
7856,36.29494157934768
7857,36.410252586614774
7858,36.67570481660697
7859,36.78912048734617
7860,36.83028327398696
7861,36.62503436277149
7862,36.27451546421694
7863,35.339679536794314
7864,34.17757316733035
7865,33.38279647586631
7866,32.77381506455886
7867,32.42501191693738
7868,32.44375658260007
7869,33.01362760965042
7870,33.45301125680145
7871,33.39619803029838
7872,32.75546728963383
7873,32.333175326727506
7874,31.91706955777899
7875,31.474049075527528
7876,31.184523640820032
7877,30.71286489541093
7878,30.19650805043544
7879,30.019756673822982
7880,30.09441682523288
7881,30.239007008571278
7882,30.180624241293817
7883,29.987772659585946
7884,29.743789283470853
7885,29.575123066677964
7886,29.2670941391791
7887,28.84197077295949
7888,28.499003586845575
7889,28.167089882776565
7890,27.870541487815363
7891,27.32457332615163
7892,26.835102563857674
7893,26.279742123061848
7894,25.80056654304907
7895,25.618755068185685
7896,25.45604186503882
7897,25.336394869241083
7898,25.11988971206455
7899,25.127897511498155
7900,25.022707649470178
7901,24.947281389571806
7902,24.87836740013629
7903,24.704633577407105
7904,24.581479908020327
7905,24.461315352488054
7906,24.431409042771634
7907,24.28140553059606
7908,24.215512996430473
7909,24.1429316853651
7910,23.932216582139972
7911,23.873253460197148
7912,23.81369672925191
7913,23.64901041218162
7914,23.65699695987621
7915,23.529966218476527
7916,23.477968247046764
7917,23.408074286514257
7918,23.392103470825973
7919,23.233744332125813
7920,23.320897473163345
7921,23.244305868411274
7922,23.20059009507753
7923,23.21200065112637
7924,23.231276084058724
7925,23.20486683049466
7926,23.202672907030312
7927,23.12524567173558
7928,22.881283624545752
7929,22.844261539932955
7930,22.705069403170548
7931,22.649287056114947
7932,22.607123192217216
7933,22.564657232367033
7934,22.58008024505708
7935,22.425851180406827
7936,22.342966034315726
7937,22.474396259304854
7938,22.3812387547939
7939,22.287171614809964
7940,22.126670219706696
7941,22.194269032297186
7942,22.197112850702723
7943,22.292774264272467
7944,22.39764340871038
7945,22.32378724389597
7946,22.402130070356947
7947,22.392213516022863
7948,22.355790083244138
7949,22.338746537864296
7950,22.28782340095932
7951,22.17869521876493
7952,22.233067731448344
7953,22.308247282428155
7954,22.27168640359165
7955,22.33122178892588
7956,22.35835910158744
7957,22.47972612199692
7958,22.54837766608976
7959,22.656612895400134
7960,22.69756993732478
7961,22.88818243945107
7962,23.009891058071844
7963,23.170944488088992
7964,23.29637737789307
7965,23.443206393870753
7966,23.787248017847052
7967,24.19434356224873
7968,24.422237406290524
7969,24.74659468747011
7970,25.072071355316044
7971,25.401108432191613
7972,26.01835358151831
7973,26.578522118455037
7974,27.034170345839673
7975,27.962815595977837
7976,29.23826746568359
7977,29.85123922993119
7978,30.178635789699825
7979,30.27315514522507
7980,31.206635115222547
7981,32.20552336016806
7982,33.3478134557646
7983,33.518175137276444
7984,33.90807863865399
7985,33.601323428960754
7986,33.324340902284696
7987,33.0395301381303
7988,33.063031949983184
7989,33.12086428244446
7990,32.984141213314324
7991,33.00534356839343
7992,33.03605264039799
7993,32.959657452462615
7994,32.989345322676975
7995,33.528997078440995
7996,33.70484336443741
7997,33.038535621981545
7998,31.662452245053906
7999,30.428253100244714
8000,29.49757144947951
8001,28.260954850419292
8002,27.423477974928602
8003,26.919091398208323
8004,26.584647177658614
8005,26.265028392339403
8006,26.07867861280646
8007,26.56212736832081
8008,26.808974309592642
8009,26.813550360316793
8010,26.886657653664944
8011,27.013417480013782
8012,27.27665438920633
8013,28.150116944701775
8014,29.560650697030418
8015,30.48653265890055
8016,31.310825512024817
8017,31.786113740400893
8018,31.734380056180612
8019,31.72156628191151
8020,31.517983094386008
8021,31.030733568167534
8022,30.491278189878624
8023,30.188358044114693
8024,29.690587656784594
8025,29.14816416972723
8026,28.800801420788243
8027,28.560667325249334
8028,28.11604935969606
8029,27.68502968909886
8030,27.285841222922745
8031,26.85002232804541
8032,26.582015780546808
8033,26.25991550888055
8034,25.848458259303804
8035,25.593934892519673
8036,25.34428535672332
8037,25.156626804491125
8038,24.97831809958849
8039,24.793255871309203
8040,24.549799058303424
8041,24.35270368288535
8042,24.057686277330028
8043,23.87319628053229
8044,23.697586927345306
8045,23.609989136220392
8046,23.430276562085382
8047,23.398032513808662
8048,23.26281211661457
8049,23.23447500953843
8050,23.224535374081913
8051,23.289798389610255
8052,23.24741863040647
8053,23.250587929091115
8054,23.185471073909284
8055,23.140192912726178
8056,23.14690172227414
8057,23.10590071622549
8058,23.030525969080653
8059,23.065225729025563
8060,22.97767983123292
8061,22.790174029190812
8062,22.64924413140195
8063,22.255414291211768
8064,22.30061247474729
8065,22.12152344124973
8066,21.947568734922967
8067,21.806236022322363
8068,21.689644089757152
8069,21.598232724530945
8070,21.627275388428696
8071,21.53375176355801
8072,21.54367003319373
8073,21.48525589604074
8074,21.28645072017698
8075,21.252628798921318
8076,21.18913204332736
8077,21.053507117806998
8078,21.044056848147903
8079,21.10618029470072
8080,21.2287368249023
8081,21.22502316657311
8082,21.24866536000386
8083,21.126092436185047
8084,21.06759604452423
8085,20.967024069781804
8086,20.96598840467908
8087,20.847707287204837
8088,20.851650088422716
8089,20.994903932632226
8090,20.879841721746097
8091,20.863145767772
8092,20.89778661032148
8093,20.76873955582935
8094,20.78226382030127
8095,20.681936915402755
8096,20.71556597700562
8097,20.64390023745797
8098,20.696608423566655
8099,20.734385471379863
8100,20.77920439433846
8101,20.826351056155346
8102,21.00099575839114
8103,21.26858298669725
8104,21.39487454679654
8105,21.535784540025606
8106,21.76615381922229
8107,22.13189132930554
8108,22.496314323832845
8109,23.0602654262341
8110,23.71692728847665
8111,24.146198130962784
8112,24.667349972604892
8113,25.375028081368676
8114,26.234510538436123
8115,27.118455691960452
8116,28.059847279086817
8117,28.720135201270164
8118,29.394627875196413
8119,29.619785807177628
8120,30.33882978580543
8121,30.71199743251516
8122,31.177073758723502
8123,31.771793559674315
8124,31.936762861030253
8125,33.130343983902485
8126,33.555642321071296
8127,33.967750412117056
8128,34.25023762235855
8129,34.76820113378283
8130,35.66957812320212
8131,36.308753255432265
8132,36.62214060896511
8133,37.20407895020814
8134,37.73621073546558
8135,38.05482508758199
8136,38.28056656581235
8137,38.32700150254044
8138,38.47631176808325
8139,38.366561973717225
8140,38.25803855759701
8141,38.13277915341537
8142,38.05385813317947
8143,38.03945879403857
8144,37.98643279766924
8145,37.4824997013792
8146,36.72016223554791
8147,36.44443131636911
8148,36.099545002981046
8149,35.46673613321422
8150,34.969465157449505
8151,34.79647988510689
8152,34.84630251385622
8153,34.84842709790465
8154,34.50620043908897
8155,34.174628312668375
8156,33.606532271783095
8157,33.47803726198127
8158,33.3368386029492
8159,33.26806624283965
8160,33.14955771834991
8161,32.8329893245584
8162,32.38179800020255
8163,31.689005258739268
8164,31.647402966800264
8165,31.55205999739951
8166,31.271698263088876
8167,31.010759585595807
8168,30.585975955561285
8169,30.02643879131547
8170,29.040423172685752
8171,28.69652932390566
8172,28.304560506336344
8173,26.812773583072445
8174,26.59799462564063
8175,26.345765709848656
8176,26.16544323183161
8177,26.08577477138462
8178,25.899929092926534
8179,25.760045988041178
8180,25.60408935675145
8181,25.411805127537892
8182,25.489727376350253
8183,25.483646530943744
8184,25.462584968317305
8185,25.40174871080793
8186,25.38728529774711
8187,25.236215788015727
8188,25.03041432505859
8189,24.757399407325803
8190,24.681912711664424
8191,24.52718148845483
8192,24.392666830234056
8193,24.23849102411134
8194,24.11714372116395
8195,23.977352149715777
8196,23.75214101667907
8197,23.563850533940688
8198,23.538138850543138
8199,23.53764704147089
8200,23.421941200093123
8201,23.503918469805104
8202,23.492036936544444
8203,23.497743079461724
8204,23.37957114487697
8205,23.367565701718043
8206,23.27407327544466
8207,23.245668092947888
8208,23.582422087133875
8209,23.563504845309513
8210,23.472852163572647
8211,23.442199256770174
8212,23.400890414854242
8213,23.272078642980873
8214,23.18920489101538
8215,23.148813895090267
8216,23.105113297312677
8217,23.08978423801949
8218,23.00513556545188
8219,22.791288565604766
8220,22.702222125055606
8221,22.784372005024284
8222,22.788067874237377
8223,22.79032576957732
8224,22.781564392981558
8225,22.782236451078706
8226,22.711757880175703
8227,22.672936469245833
8228,22.595657261430393
8229,22.55799042914481
8230,22.52578536298718
8231,22.525488380521455
8232,22.553542468913662
8233,22.468526761243496
8234,22.47420672141534
8235,22.356042156732634
8236,22.361682883579558
8237,22.383482151540793
8238,22.281096036023452
8239,22.26816671043059
8240,22.22864869242093
8241,22.205809131751288
8242,22.24658681953922
8243,22.272213252715687
8244,22.414638311806378
8245,22.55750246867756
8246,22.762488531501077
8247,22.974867800448457
8248,23.08107225310591
8249,23.384868374448168
8250,23.85324042123362
8251,24.53198462080073
8252,25.010004814984626
8253,25.72770699744764
8254,26.263758903320404
8255,26.656748272361135
8256,27.298018439855277
8257,27.808440129048073
8258,28.241355212605654
8259,28.21653735900799
8260,28.34376946510507
8261,28.506582162850236
8262,28.730655995988776
8263,28.88164039381006
8264,29.34726402030699
8265,29.640088267139987
8266,30.239261457183275
8267,31.192129165082875
8268,32.57944684370128
8269,33.548199317090834
8270,34.30425764621785
8271,35.133820226001326
8272,35.62860410212945
8273,36.09470282769902
8274,36.381484958868434
8275,36.372528077807004
8276,36.06937611363331
8277,36.31328770161663
8278,36.79557720624518
8279,37.205756928926675
8280,37.58740455726402
8281,37.9080155087038
8282,38.238282977444484
8283,38.581881186541295
8284,38.72524987176469
8285,38.64781595873171
8286,38.40196761417059
8287,37.48825433249177
8288,36.48159106830345
8289,35.59008482593288
8290,34.90679631148281
8291,34.857362319866944
8292,34.643591226303094
8293,34.312785710827036
8294,34.03158790402267
8295,33.39403219060588
8296,33.108024523525835
8297,32.73856763602588
8298,32.32034082616464
8299,32.1024849833483
8300,31.980454058798543
8301,31.58064584371975
8302,31.33513821294543
8303,30.94301889329199
8304,30.52796723550175
8305,30.12774390054596
8306,29.9188975071427
8307,29.507684866708473
8308,29.254919777982003
8309,29.03927795407984
8310,28.791959535412555
8311,28.56840582731288
8312,28.498341413964397
8313,28.454079494574923
8314,28.41978756385746
8315,28.372325381008643
8316,28.241806975477644
8317,28.15177703044008
8318,28.01130597201329
8319,27.884529021727438
8320,27.764387144430962
8321,27.631447433688926
8322,27.469951291847323
8323,27.298313996514377
8324,27.14386706781768
8325,27.060249567361648
8326,26.945265659355982
8327,26.71681239315347
8328,26.62623020507407
8329,26.449565073095485
8330,26.300353965947348
8331,26.162998263401857
8332,25.891605221566596
8333,25.87135053243677
8334,25.684065545832667
8335,25.609592600844543
8336,25.56446876715169
8337,25.510672305428656
8338,25.497202221209495
8339,25.318269045561365
8340,25.290290523854512
8341,25.24191549671555
8342,25.026368993684553
8343,25.004244699103996
8344,24.865127114220254
8345,24.982057909783848
8346,24.78513120692003
8347,24.633700347270732
8348,24.596018835729964
8349,24.65428784951139
8350,24.514727859845344
8351,24.402910276850037
8352,24.861425127264845
8353,24.80587475631371
8354,24.767274312966904
8355,24.69735465652353
8356,24.60961889473946
8357,24.591306103079756
8358,24.54906862917759
8359,24.509128955219683
8360,24.437803153144348
8361,24.38586095802792
8362,24.31260654577328
8363,24.309802261220238
8364,24.269901702483526
8365,24.270228916860717
8366,24.22767739543228
8367,24.192433449786606
8368,24.178290514144454
8369,24.099008309626868
8370,24.080017502378915
8371,24.023031529357933
8372,23.92658190215904
8373,23.879608213252176
8374,23.88749358240886
8375,23.836445418453113
8376,23.794864527945247
8377,23.733168454379136
8378,23.723450237647107
8379,23.68616637358743
8380,23.51087106581353
8381,23.499545442974174
8382,23.432637600046547
8383,23.385177149187086
8384,23.285671664724777
8385,23.2174042640126
8386,23.166605248499646
8387,23.122417219613077
8388,23.15579904613309
8389,23.211887232261468
8390,23.20884955012135
8391,23.2554646173149
8392,23.281865369014355
8393,23.360673291713525
8394,23.42809418653414
8395,23.582658285988742
8396,23.75796879588634
8397,23.847668773717796
8398,23.982147543713666
8399,24.362167139734108
8400,24.986159237480877
8401,25.41345879783604
8402,25.951626648009782
8403,26.97850573501336
8404,27.690947158883997
8405,27.949130752386868
8406,28.33538197107763
8407,28.443506206764464
8408,28.26421317280385
8409,28.11812636606595
8410,28.11198964562575
8411,28.523123559850056
8412,28.927467766426656
8413,29.610333378847024
8414,30.123168371307628
8415,30.23577495284308
8416,30.21346544113656
8417,30.108938317000252
8418,30.320725093000537
8419,30.50898693628732
8420,31.41653527105143
8421,32.165705162025034
8422,32.556116542357785
8423,32.703867119285455
8424,32.889948299979075
8425,33.19956346367166
8426,33.61302383880427
8427,33.78590165774465
8428,33.63523656927301
8429,33.55499402969524
8430,34.03681948701258
8431,34.409869370233764
8432,34.10595194347838
8433,33.75127529158354
8434,33.38984467053625
8435,33.0729685476198
8436,32.83694456222996
8437,32.92495854722836
8438,33.268088727807736
8439,33.682307104190144
8440,33.718814308183646
8441,33.42400972608986
8442,33.21755020931812
8443,32.99733576753924
8444,32.716526242752806
8445,32.66017031734344
8446,32.92736289756684
8447,33.150086421521344
8448,32.76986004274998
8449,32.42052287028362
8450,32.141719223375276
8451,31.92036832730812
8452,31.76495710553609
8453,31.28826850479458
8454,31.05132770994738
8455,30.76021796816846
8456,30.155987178096982
8457,29.79720719832279
8458,29.64348729890799
8459,29.529388786460686
8460,29.154926810436503
8461,28.81565118509895
8462,28.483058131354923
8463,28.284563150267466
8464,28.066416835273735
8465,27.874264447472466
8466,27.713716338353805
8467,27.449746065354226
8468,27.184379318748757
8469,27.022412650292733
8470,26.767764572126108
8471,26.528241942778337
8472,26.19975724889528
8473,26.21723691946169
8474,25.99721984920031
8475,25.851886503792535
8476,25.884327802804677
8477,25.84946437799595
8478,25.617788877677313
8479,25.445693410369167
8480,25.109418591372158
8481,24.87972455237404
8482,24.80073560192215
8483,24.72253882675561
8484,24.65645757229943
8485,24.637732898636298
8486,24.613646031672932
8487,24.592206202968338
8488,24.617707327352818
8489,24.658531472976463
8490,24.646237446905737
8491,24.614431557130317
8492,24.66096614660268
8493,24.720431485442116
8494,24.7358063825096
8495,24.742557775261513
8496,25.168404500544735
8497,25.08666634878233
8498,25.07174933868618
8499,25.006743086650644
8500,24.851445063298335
8501,24.922247787098378
8502,24.92352331914448
8503,24.851179784644906
8504,24.851463029306785
8505,24.7731475181086
8506,24.76458348295673
8507,24.763222407632362
8508,24.725500390627563
8509,24.779929140468003
8510,24.731861620675254
8511,24.736153167647196
8512,24.722096350066746
8513,24.70238898007797
8514,24.670891519694976
8515,24.45487551458934
8516,24.30049897097832
8517,24.2254053109435
8518,24.17252489221262
8519,24.199628861849735
8520,24.173433849359835
8521,24.238265453664496
8522,24.13717776812555
8523,23.95949393484431
8524,23.970676025253216
8525,23.823892739922762
8526,23.81493683196281
8527,23.75201237770765
8528,23.71237824948966
8529,23.716887766753587
8530,23.681306905726252
8531,23.736910459966033
8532,23.72214672754039
8533,23.78756860813667
8534,23.982312473953503
8535,24.282472996929666
8536,24.728302413578014
8537,25.179491177537585
8538,25.802121323939247
8539,26.352182867710674
8540,27.28316059984041
8541,27.87412509112154
8542,28.49564634662979
8543,29.110010718838467
8544,29.623434831303896
8545,30.122081572770547
8546,30.914380721661374
8547,31.937682482600533
8548,32.30429804155357
8549,32.17200984565745
8550,31.991247430907574
8551,31.98314946457038
8552,32.09830358137036
8553,32.53614675147683
8554,33.14871431378972
8555,33.723245080142156
8556,33.87534736481892
8557,33.838679846821464
8558,33.78609049493193
8559,33.63429715316123
8560,33.433716142750555
8561,33.261146518445365
8562,33.16185766724521
8563,33.179670348598286
8564,33.39061588407441
8565,33.60793563670126
8566,33.72709928590293
8567,33.94427918376029
8568,34.15903973149672
8569,34.26754571201799
8570,34.265557031868724
8571,33.97729252906102
8572,33.78365110635985
8573,33.84387077830141
8574,33.810706873411846
8575,33.693655807934846
8576,33.66785418625578
8577,33.814292240708795
8578,33.85894496628471
8579,34.231835203784996
8580,34.888813148883294
8581,35.26537927011964
8582,35.00248239399717
8583,34.28408961816508
8584,33.378063834751686
8585,32.60811505348249
8586,31.724545697622133
8587,31.264684641464672
8588,30.916244249641473
8589,30.317107988003436
8590,29.91469261808425
8591,29.77582823187568
8592,29.85050899616745
8593,29.93851702992251
8594,29.97738579916804
8595,29.96826648689987
8596,29.9854682285765
8597,29.994005457044906
8598,29.872739094669907
8599,29.762412447610476
8600,29.78709696587406
8601,29.743937475969407
8602,29.602562332234466
8603,29.370332302742998
8604,29.169600913235428
8605,28.940556204637026
8606,28.81742653200581
8607,28.659961373297477
8608,28.489778395774234
8609,28.28603915723641
8610,28.097515710180797
8611,27.864556988179327
8612,27.69980934893113
8613,27.584083078072148
8614,27.427646679957043
8615,27.28660059888214
8616,27.18221659904401
8617,27.126501006033102
8618,27.04882141658033
8619,26.97637235355306
8620,26.885209187436683
8621,26.768581237999122
8622,26.661059784555402
8623,26.63124400797229
8624,26.591027599064862
8625,26.50809631599935
8626,26.49905277163985
8627,26.510553080083593
8628,26.494906935353743
8629,26.570720323597186
8630,26.53795694914194
8631,26.397666006717127
8632,26.332531516983288
8633,26.316239874035055
8634,26.38292408959027
8635,26.5139321887723
8636,26.51554023033577
8637,26.484970218958686
8638,26.521520158800257
8639,26.341528871844442
8640,26.847331495512734
8641,26.956580561952972
8642,26.97397444144617
8643,26.976414550073745
8644,27.005766777874832
8645,27.059189039302048
8646,27.012759392138207
8647,26.957919703821233
8648,26.959507261268538
8649,26.74360670345032
8650,26.755766420894183
8651,26.810097281466888
8652,26.71505759837857
8653,26.798244808275584
8654,26.908082539552968
8655,26.953951161652483
8656,26.966191171287775
8657,26.925450583782634
8658,26.859613239149937
8659,26.738184651319187
8660,26.551784820198684
8661,26.26683367383346
8662,25.983804455581794
8663,25.732670060196313
8664,25.563453047548336
8665,25.36543021898205
8666,25.255728938989638
8667,25.13252312873032
8668,24.959230017315512
8669,24.77017331020992
8670,24.62317084273902
8671,24.534501090749366
8672,24.562700479795282
8673,24.43811529074894
8674,24.3337531642499
8675,24.384757124298183
8676,24.48272374618489
8677,24.78731093720827
8678,24.957679578501633
8679,24.974194906701364
8680,25.070396673735168
8681,25.171918591030654
8682,25.268631832065203
8683,25.33929596042471
8684,25.40079052122874
8685,25.361246792022516
8686,25.510363949471643
8687,25.53629496796657
8688,25.70905460507248
8689,25.8877399822659
8690,26.212963434454167
8691,26.344260357608192
8692,26.667100435949436
8693,27.01375906550306
8694,27.188485431509058
8695,27.09944158869022
8696,27.137666322461968
8697,27.32571879614249
8698,27.70055533199963
8699,28.0883413034263
8700,28.380230623094842
8701,28.55116396476428
8702,28.72039210039663
8703,29.03614355915132
8704,29.358407316732045
8705,29.671914246124793
8706,29.98148736349163
8707,30.209483939644887
8708,31.05301134049101
8709,31.587432822815966
8710,31.948483099906493
8711,32.24631810295803
8712,32.3529128318989
8713,32.139681529140354
8714,31.887315386219964
8715,31.845133071335784
8716,32.20232095511419
8717,32.37832193481449
8718,32.70382867436184
8719,33.02905748273148
8720,33.008278108022836
8721,33.02922251674078
8722,32.95541643115845
8723,32.62892484754997
8724,32.11241190064972
8725,31.250307398518892
8726,30.5269218001288
8727,29.938049011582418
8728,29.5132911209822
8729,28.972573365246248
8730,28.477538177367435
8731,28.06737492094519
8732,27.667411005498106
8733,27.43412544961693
8734,27.341454182434298
8735,27.45863583170724
8736,27.713709103935663
8737,27.969688130808812
8738,28.18556570520105
8739,28.142363887482624
8740,28.055196217744673
8741,27.997804289235447
8742,27.894981679026362
8743,27.80834938870283
8744,27.564503758365284
8745,27.366119024004842
8746,27.10085578996637
8747,26.97159478789476
8748,26.841122497919365
8749,26.6872136716411
8750,26.627497362319502
8751,26.61194056286006
8752,26.54794370021834
8753,26.43532732270415
8754,26.251634722883967
8755,26.144896891880364
8756,26.082093546183263
8757,25.983316622582276
8758,25.84504494907812
8759,25.67136249102079
8760,25.66612955272724
8761,25.563830380322862
8762,25.550746406821133
8763,25.414438407411975
8764,25.349508217715357
8765,25.235714729651875
8766,25.149737431595337
8767,25.132775796509012
8768,25.108227915177597
8769,25.015164255819634
8770,24.92642103220335
8771,24.806555532001
8772,24.74292737988597
8773,24.71590501731474
8774,24.65293613466136
8775,24.593089398701323
8776,24.59170455959623
8777,24.59273976995071
8778,24.584116326144976
8779,24.608405909295634
8780,24.540599708771627
8781,24.481182007082456
8782,24.4921547295982
8783,24.585226120590193
8784,24.96171781223929
8785,24.882607501722916
8786,24.721240537056467
8787,24.674224646083644
8788,24.6296748941763
8789,24.575195239892324
8790,24.604148002114158
8791,24.593585709306073
8792,24.554671080230197
8793,24.537609777172477
8794,24.528359381978483
8795,24.481292892318393
8796,24.382418273547344
8797,24.114777112487623
8798,24.094444498296752
8799,24.162947617404853
8800,23.76073304834302
8801,23.683272368069826
8802,23.638163172422303
8803,23.603934397901547
8804,23.524853079448537
8805,23.462728806009288
8806,23.37227950869327
8807,23.25204701530479
8808,23.15400390492146
8809,23.162753563903152
8810,23.095274839523434
8811,23.136699969034055
8812,23.174379109458236
8813,23.163789537578594
8814,23.28788598362896
8815,23.447156438802743
8816,23.512633032471904
8817,23.610002437498615
8818,23.73611263688373
8819,23.82501654641983
8820,23.88512905196447
8821,23.937170850770098
8822,24.03242021692234
8823,24.099974612878004
8824,24.147466074576474
8825,24.21938558841851
8826,24.282710770204844
8827,24.354554368769307
8828,24.472897426342236
8829,24.565409858161658
8830,24.718097439869602
8831,24.908975411071733
8832,25.013087419761423
8833,24.91332724952731
8834,24.909876902196746
8835,24.94255543615146
8836,25.09938581271836
8837,25.197334714256026
8838,25.2640867410337
8839,25.353077340823994
8840,25.395913280847815
8841,25.581448415314412
8842,25.77594520772956
8843,25.867411010329747
8844,26.037807201033882
8845,26.296713002554636
8846,26.404281664566973
8847,26.43082973063544
8848,26.527502818542292
8849,26.727554105638788
8850,26.912747312566047
8851,26.948524356576648
8852,27.035759864447876
8853,27.13731933768392
8854,27.21016748945135
8855,27.457665226986663
8856,27.94317743686826
8857,28.277052621558376
8858,28.36208099592062
8859,28.427288799060523
8860,28.63064263702616
8861,28.792829935533465
8862,29.120635262821796
8863,29.017782695764875
8864,28.961151344348437
8865,29.075975905952134
8866,29.363133054246497
8867,29.249959555442743
8868,29.291149472363745
8869,29.260149393894675
8870,29.053690577894443
8871,28.935434001252283
8872,28.883947020502873
8873,28.788407681104992
8874,28.818898836121505
8875,29.21858826908067
8876,29.480941781437984
8877,29.83028896480007
8878,30.01597149521224
8879,30.057219288939066
8880,30.13938291132747
8881,30.06929799189532
8882,30.074963322546303
8883,30.161092673486582
8884,30.171409610278367
8885,30.107408351830742
8886,30.141324860672317
8887,29.76792608654219
8888,29.462358858356975
8889,28.969840337519756
8890,28.59181017484253
8891,28.389117307959587
8892,28.286920968266177
8893,28.015236950870968
8894,27.651515773540154
8895,27.41840585647728
8896,27.22875225779653
8897,27.10440352341271
8898,26.90455895778428
8899,26.731336201575427
8900,26.591620167904367
8901,26.435976739354142
8902,26.34180007979673
8903,26.28388020573461
8904,26.193215512026182
8905,26.09431469909706
8906,25.981680370800465
8907,25.89390456002646
8908,25.839052118251253
8909,25.805498583305656
8910,25.795112328678478
8911,25.64230309384212
8912,25.721203026328165
8913,25.70153216580856
8914,25.714416583436133
8915,25.66396421552932
8916,25.679982543386725
8917,25.68276039598559
8918,25.66476462906428
8919,25.667366830842546
8920,25.657909622382522
8921,25.644348428355343
8922,25.62317113842601
8923,25.608535299725013
8924,25.606310305342472
8925,25.63722298446891
8926,25.52369441836752
8927,25.44401406265857
8928,25.862991001722843
8929,25.883941292736125
8930,25.912192098351117
8931,25.96461780409271
8932,26.00509257094857
8933,25.961797359071998
8934,25.96107363260662
8935,25.95599715185188
8936,25.9733145431005
8937,25.929276033738876
8938,25.86162602565547
8939,25.809720997778882
8940,25.810849456279925
8941,25.815265759234652
8942,25.780773272645533
8943,25.931337777286686
8944,25.99164647742733
8945,25.98579181301141
8946,25.923291775158457
8947,25.95398824971953
8948,26.001993704854506
8949,26.02317202754187
8950,26.044936679597313
8951,26.053913810103772
8952,26.070254099825394
8953,25.92548028416774
8954,25.923097120181033
8955,25.951077072562658
8956,25.957875277427434
8957,25.891565253821796
8958,25.80426450817173
8959,25.84115602765324
8960,25.7902190940854
8961,25.823388725587968
8962,25.839131311623035
8963,25.821119085167457
8964,25.834760645268567
8965,25.840155817657266
8966,25.861854354065006
8967,26.056010881920862
8968,26.129981786512918
8969,26.2070002531525
8970,26.321518119577327
8971,26.433793484426516
8972,26.561566869049845
8973,26.675685964008615
8974,26.762001268792407
8975,27.144919401941333
8976,27.59379374788953
8977,27.884581818815764
8978,28.23737647862417
8979,28.58337012785577
8980,28.816382399986654
8981,29.830925008269137
8982,30.86052056210563
8983,31.9497000866174
8984,32.61611298576777
8985,32.98557979376278
8986,32.90161858373906
8987,32.96694061087543
8988,33.39087010785964
8989,33.80826731188568
8990,34.152429026411866
8991,34.17792556824942
8992,34.0286427492713
8993,34.23565142413661
8994,34.47725219383025
8995,34.90738181662471
8996,35.16546711567984
8997,35.27134252061116
8998,35.259204672930295
8999,35.26230759486889
9000,35.327632068887
9001,35.47937432222052
9002,35.212646369946455
9003,35.06298284082869
9004,35.21769166099118
9005,35.948418388920835
9006,36.16962777615661
9007,36.13136368315584
9008,36.295576094176944
9009,36.0379052617359
9010,35.95193217703819
9011,35.84566943313026
9012,36.20999512871288
9013,36.325871534903676
9014,35.82211148611479
9015,35.61489286905699
9016,35.54963990983189
9017,35.02146708318773
9018,34.62537426774558
9019,34.57163478928643
9020,35.05836552102623
9021,35.29836974978658
9022,34.76099909333255
9023,34.484678903886525
9024,34.24260723572581
9025,34.130721118956316
9026,33.96848678971475
9027,33.5909039042041
9028,33.730700135371286
9029,33.63537792663282
9030,33.38913640958381
9031,33.36864612622047
9032,33.195172001403314
9033,32.86901854281766
9034,32.32180065352237
9035,31.855740074392436
9036,31.508841627533112
9037,31.18833559521081
9038,30.885147601293
9039,30.58629789626172
9040,30.162975731978197
9041,29.639296859794534
9042,29.008635207963245
9043,28.541773849809896
9044,28.112145174737336
9045,27.757757494118472
9046,27.488653252024335
9047,27.281922713329784
9048,27.088837964425394
9049,26.97524301003486
9050,26.925472254194187
9051,26.87179608425837
9052,26.767063210155932
9053,26.74655924003676
9054,26.648611686703596
9055,26.587470006845066
9056,26.549110662011245
9057,26.449206973790123
9058,26.403851059325163
9059,26.383880287245212
9060,26.232827325203573
9061,26.1649078910474
9062,26.15084617505792
9063,26.149987736218637
9064,26.167983301316927
9065,26.087998619669527
9066,26.05616786905614
9067,26.039909822443338
9068,26.004832255163432
9069,25.983589216656227
9070,25.929740268650892
9071,25.888067867520416
9072,26.411992851324815
9073,26.37389351608563
9074,26.382227498029152
9075,26.373976121556392
9076,26.381879182590833
9077,26.40390608031116
9078,26.32834156336714
9079,26.363949933209106
9080,26.318757738257663
9081,26.346974066512615
9082,26.359956545442866
9083,26.344792190255898
9084,26.34492149984402
9085,26.31546925243472
9086,26.239297081098407
9087,26.121489426892516
9088,26.131125865915877
9089,26.099409689991468
9090,26.096436198552464
9091,26.09469672371155
9092,26.060579508325315
9093,26.094359601712718
9094,26.095680237900634
9095,26.095087067253463
9096,26.090974823896445
9097,26.093912471941067
9098,26.138773455752183
9099,26.11126753195439
9100,26.04987491259692
9101,26.0071604739965
9102,26.011885170447172
9103,26.012815546843477
9104,26.009607630700213
9105,25.979654633643076
9106,26.052085644640027
9107,26.08356411278355
9108,26.12729044529634
9109,26.243206878735
9110,26.380082424789887
9111,26.451957041417185
9112,26.65386007072984
9113,26.861741526741376
9114,27.143796409269125
9115,27.370999862776134
9116,27.66246510323079
9117,28.014450200221468
9118,28.145694584323415
9119,28.276556491214546
9120,28.35395762960558
9121,28.44694199494848
9122,28.61436132278016
9123,28.67028666168754
9124,28.699783909015053
9125,28.716353463790654
9126,28.8472898778765
9127,28.828713432458702
9128,28.752420750459073
9129,28.814470407622665
9130,29.045279440341403
9131,29.256039046964275
9132,29.63913794900969
9133,30.6643271123759
9134,31.971113380948132
9135,33.05997412018319
9136,33.73905486054882
9137,33.83166453318752
9138,33.976492346974375
9139,34.22939021572207
9140,35.055071491008654
9141,35.89339100413763
9142,36.6944492847968
9143,36.752938511619924
9144,36.21169330043782
9145,36.01573873316973
9146,36.35789607252141
9147,37.04028677289208
9148,37.28965790184502
9149,37.048739524094366
9150,36.94698094403849
9151,37.3503585065684
9152,37.86432921594653
9153,38.182724559868845
9154,38.09216766655112
9155,37.790799432583384
9156,37.68070685122778
9157,37.71133984191297
9158,37.33305682400115
9159,36.77020450199808
9160,36.71860121180771
9161,36.45320634357576
9162,35.97234615355234
9163,35.434863644796
9164,35.17772085673278
9165,35.08077877565065
9166,35.00899102168265
9167,35.209280205339496
9168,35.1383977066181
9169,34.977698126923535
9170,34.81473747704048
9171,34.463682931104934
9172,34.29794106366263
9173,34.233715129796806
9174,34.1675883570816
9175,33.88407692754805
9176,33.42300896204917
9177,32.73054879185132
9178,32.17832330713351
9179,31.869889290711086
9180,31.592752491234435
9181,31.227363139006304
9182,30.887510061923997
9183,30.54275756462309
9184,30.194699678809407
9185,29.755726459894806
9186,29.307115402505815
9187,28.861954850802412
9188,28.450242829729515
9189,28.126656355341808
9190,27.908807659734453
9191,27.758626277910974
9192,27.61023668869106
9193,27.448102814312843
9194,27.29317212469813
9195,27.183980725554548
9196,27.099972839611866
9197,27.056937935217576
9198,26.997885269519298
9199,26.952368551402316
9200,26.96132207296836
9201,26.906029791851644
9202,26.804907719267117
9203,26.808492338076217
9204,26.818847539637172
9205,26.758278576921793
9206,26.715284214989744
9207,26.672329930173206
9208,26.677343064666474
9209,26.755674492792135
9210,26.722064690178833
9211,26.766892721319238
9212,26.732185916736075
9213,26.696110235601143
9214,26.629117827401966
9215,26.5841781904339
9216,27.111404901373163
9217,27.09937468619828
9218,27.11534499235411
9219,27.113749592995305
9220,27.077671804232462
9221,27.050705218518683
9222,27.042165871994737
9223,27.020232036012832
9224,27.019168819064312
9225,27.043682225357088
9226,26.965591442246883
9227,26.909712987793963
9228,26.847840428966286
9229,26.864712715992614
9230,26.89007174169388
9231,26.875386692360966
9232,26.873208816013516
9233,26.860657286598006
9234,26.865393692036243
9235,26.82226789251767
9236,26.82015208414255
9237,26.740193545377874
9238,26.786330711972305
9239,26.608038981956476
9240,26.568369854902944
9241,26.434412188054583
9242,26.434130756709102
9243,26.26407789802382
9244,26.20369343136491
9245,26.169245274490294
9246,26.19106827180953
9247,26.097158822141882
9248,26.073214037945913
9249,25.943554541531054
9250,25.96352973740973
9251,25.959146202516287
9252,25.96799511994417
9253,26.08298759644413
9254,26.092192822179932
9255,26.13874131033779
9256,26.31249532151596
9257,26.393452439007127
9258,26.461939576707934
9259,26.547121619261375
9260,26.659486983862934
9261,26.841372151446777
9262,26.913816720521705
9263,27.146954993109414
9264,27.29469788481858
9265,27.482205412936803
9266,27.65786502164046
9267,27.92205134371565
9268,28.07648058030818
9269,28.17251427194595
9270,28.2542889109005
9271,28.23875893269178
9272,28.31964011715054
9273,28.352822661314256
9274,28.516791527667355
9275,28.741269087874624
9276,29.07826738069616
9277,29.410264977236718
9278,30.169814345728884
9279,30.77661176060814
9280,31.276522184866117
9281,31.583703224848858
9282,31.57503900292293
9283,31.32864382300049
9284,31.24197955338709
9285,31.338048236292817
9286,31.607025567274647
9287,31.807446324888392
9288,31.66293682555648
9289,31.500468261915287
9290,31.034862172253856
9291,30.71502858162451
9292,30.924055419016533
9293,31.399665483632837
9294,31.34229587578831
9295,30.889017379326898
9296,30.670440953731266
9297,30.43465464101524
9298,30.59166230691352
9299,31.04613755362502
9300,31.333488270195616
9301,31.614481591069733
9302,31.622045090292453
9303,31.245491715961396
9304,30.857569576785526
9305,30.394501456601272
9306,30.065081429816587
9307,29.887159470918967
9308,29.71479433738785
9309,29.48333198603888
9310,29.223486481290216
9311,28.840231778485048
9312,28.504859215588205
9313,28.171988177207233
9314,28.021602739491314
9315,28.009670206154585
9316,28.046573392414153
9317,28.162801239870777
9318,28.129063112603934
9319,28.172967664179563
9320,28.126983243210002
9321,28.015322863875568
9322,27.96482634942748
9323,27.957291844275844
9324,27.894126977757324
9325,27.736910245945918
9326,27.737283128710352
9327,27.581548260594126
9328,27.467008310947882
9329,27.330891791111995
9330,27.26547261307778
9331,27.18251098927704
9332,27.10375595996003
9333,27.063847855374316
9334,27.069812896734586
9335,27.090601017272114
9336,27.101969001412336
9337,27.081976867728613
9338,27.05960366644498
9339,27.08690014535466
9340,27.100114028544787
9341,27.11068481552886
9342,27.070541177005108
9343,27.029045841058085
9344,27.02684483619423
9345,27.00688704964827
9346,26.95212566233876
9347,26.888203589864833
9348,26.814998968348696
9349,26.823624515328945
9350,26.820178952968917
9351,26.652242223473348
9352,26.604954740784244
9353,26.424791654912095
9354,26.388271195759394
9355,26.381533277051112
9356,26.350682745495916
9357,26.316801367373987
9358,26.26026184777649
9359,26.224039693471944
9360,26.64155005775516
9361,26.54567491191053
9362,26.55455394619427
9363,26.56985882915751
9364,26.57540450281931
9365,26.54898307863582
9366,26.543811303743574
9367,26.49648080896578
9368,26.43403165183192
9369,26.395640689702024
9370,26.33871876527621
9371,26.240081163328668
9372,26.146043224232052
9373,26.150674308656363
9374,26.084473584923888
9375,26.065190089494823
9376,26.062535522727586
9377,26.038339703660892
9378,26.026727562853832
9379,26.05445955366864
9380,26.032154213818767
9381,26.010623915652438
9382,26.068676637565858
9383,26.039423984773414
9384,26.04575422163879
9385,25.974626684581118
9386,25.929600834884205
9387,25.923070856953476
9388,25.942021487697502
9389,25.998043977620902
9390,26.03117225848093
9391,26.0717373371545
9392,26.093206542087607
9393,26.127198376353167
9394,26.11862125508463
9395,26.08636555417031
9396,26.115994913215854
9397,26.07266619886026
9398,26.045839704973943
9399,26.006111459878525
9400,26.017013074332667
9401,26.003722804981788
9402,26.08432358331288
9403,26.143026270040508
9404,26.21798885369382
9405,26.31073573141228
9406,26.24859629667916
9407,26.231902592095906
9408,26.29118524667897
9409,26.341775319549583
9410,26.427983819848464
9411,26.394657052000145
9412,26.54151716996405
9413,26.558389430753316
9414,26.671776817369633
9415,26.707605568730756
9416,26.741311316176038
9417,26.858888687645358
9418,26.8929650065527
9419,26.97594525124546
9420,27.079130781141007
9421,27.160061380811918
9422,27.095360705613583
9423,26.928956190388796
9424,26.986534577069683
9425,27.091295318684324
9426,27.159691789215035
9427,27.16960949972487
9428,27.202598870178697
9429,27.258132216307384
9430,27.341495151496954
9431,27.372393516903877
9432,27.4063300623286
9433,27.433550275195845
9434,27.45027307002833
9435,27.46209408214307
9436,27.495894824645585
9437,27.697539976500984
9438,27.869361660135098
9439,27.918616388301093
9440,28.043245363765582
9441,28.111418596103416
9442,28.119240671970708
9443,28.074125853930465
9444,27.942534282678224
9445,27.928150127450962
9446,27.968163034193772
9447,28.037337468301317
9448,28.14846994031056
9449,28.334344675740663
9450,28.326566484936727
9451,28.431910292592267
9452,28.475618521761348
9453,28.525651967516925
9454,28.484018532990273
9455,28.426327133343307
9456,28.3771326398033
9457,28.233004025222122
9458,28.08735793904372
9459,27.847873959574653
9460,27.741749754065836
9461,27.591309695979685
9462,27.481461443228604
9463,27.45942017611968
9464,27.480540801752284
9465,27.34028942059685
9466,27.38783885946201
9467,27.3548675288633
9468,27.12327343432728
9469,26.966314995344383
9470,26.897885605083744
9471,26.7130200865659
9472,26.673817883121774
9473,26.71656507106651
9474,26.74971659382897
9475,26.75844095993188
9476,26.722813599309
9477,26.48350832097583
9478,26.405768493291433
9479,26.340734374081272
9480,26.180568794475267
9481,26.101892106696994
9482,26.10214612941116
9483,26.090522392039624
9484,26.10105197733372
9485,26.07596136227692
9486,26.008626806358482
9487,25.937572214836916
9488,25.897091708204037
9489,25.822739988549785
9490,25.79859381968682
9491,25.836811877022818
9492,25.817832576176933
9493,25.813838471895334
9494,25.795454943936267
9495,25.7969306936919
9496,25.850924115823982
9497,25.87307587679322
9498,25.87522692439509
9499,25.83104663606405
9500,25.87088751590128
9501,25.883957307757072
9502,25.87792667537326
9503,25.94131165999287
9504,26.45159477293942
9505,26.404441358517037
9506,26.40578630513887
9507,26.40929766141304
9508,26.375303820307348
9509,26.37578432302704
9510,26.347925004677546
9511,26.389023859658195
9512,26.365598322267083
9513,26.338817255731808
9514,26.267396728761053
9515,26.312659620632836
9516,26.361667559904525
9517,26.392883986774038
9518,26.510426555949213
9519,26.41305245177728
9520,26.352602176754623
9521,26.328375749583515
9522,26.36369756884847
9523,26.45147984270949
9524,26.456386596151127
9525,26.352087811645838
9526,26.320848003958318
9527,26.305731839802604
9528,26.295723388076002
9529,26.306423162912562
9530,26.265287142144913
9531,26.22286384401162
9532,26.384522325439747
9533,26.366435417528997
9534,26.44005280454488
9535,26.311009957625227
9536,26.31019830678417
9537,26.299763439046323
9538,26.30686522602649
9539,26.291332884377482
9540,26.319900630057177
9541,26.28559419606024
9542,26.21246414510905
9543,26.275854617058084
9544,26.43027518718285
9545,26.580679723411485
9546,26.82057994191219
9547,26.983800764238566
9548,27.318967740440876
9549,27.59819877714119
9550,28.114406775229092
9551,28.305957107027144
9552,28.43227399124554
9553,28.773834666059507
9554,29.127887864846123
9555,29.357193932933075
9556,29.557430076291944
9557,29.815795520478893
9558,30.082271132301127
9559,30.210063660203698
9560,30.136770916253216
9561,29.90828870587871
9562,30.09269465601671
9563,30.59428430731589
9564,30.845572219578465
9565,30.812496762299926
9566,30.81486468129873
9567,30.79041007946568
9568,30.746350569986113
9569,30.61515310001746
9570,30.266408571761254
9571,30.132518658136856
9572,30.257246066823406
9573,30.475193461703974
9574,30.44470920241117
9575,30.575577313932502
9576,31.10071828950896
9577,31.699670588725525
9578,32.498958302257975
9579,32.777833874586115
9580,32.12774493622746
9581,31.37631403969646
9582,30.903156674402048
9583,30.57998474682441
9584,30.37854979639106
9585,29.853000201441173
9586,29.33134734182516
9587,28.84034511587047
9588,28.34452057994196
9589,28.136017805346306
9590,27.998109129553903
9591,27.898300068951563
9592,27.81611150897099
9593,27.59216585026419
9594,27.285023265588322
9595,26.997244367577903
9596,26.946143268536602
9597,26.87258125118789
9598,26.755645963875097
9599,26.592369508450638
9600,26.50516679575188
9601,26.47062409508547
9602,26.52168024434519
9603,26.598886597828052
9604,26.757035728113735
9605,26.964803568414084
9606,27.132137078266485
9607,27.40574483248932
9608,27.49742114247359
9609,27.651226946885345
9610,27.73355271769838
9611,27.700586101066587
9612,27.69802013372738
9613,27.658694709718155
9614,27.61388219376707
9615,27.57945540169718
9616,27.56244423567374
9617,27.4208213931423
9618,27.280085546464587
9619,27.22341110410766
9620,27.152109831712426
9621,27.070723447719512
9622,26.968245496511177
9623,26.81808703873491
9624,26.69609711607267
9625,26.61390449730374
9626,26.568239558113497
9627,26.591618094333157
9628,26.545894712959704
9629,26.426078155875366
9630,26.39891303698574
9631,26.333972863957435
9632,26.26887355884691
9633,26.245119383698412
9634,26.21710723853683
9635,26.17692376984218
9636,26.16082538982021
9637,26.193383394607363
9638,26.18682896864822
9639,26.16356994928749
9640,26.1623570735688
9641,26.165592701944117
9642,26.17326434964514
9643,26.161073145451184
9644,26.119685468923553
9645,26.114663311687067
9646,26.117336731146484
9647,26.094481261495115
9648,26.472314623777503
9649,26.51898315158756
9650,26.517597513108946
9651,26.50365889378925
9652,26.47596681581576
9653,26.376526483291457
9654,26.296065177583202
9655,26.28244604932588
9656,26.244499660895617
9657,26.246322624993027
9658,26.21350393753116
9659,26.20949888791698
9660,26.193008084570458
9661,26.171901476719363
9662,26.119403911530817
9663,26.101501670381797
9664,26.079105363297003
9665,26.075911818581893
9666,26.08012778552223
9667,26.05765124877977
9668,26.04786039758368
9669,26.0530145104185
9670,26.025165134464118
9671,26.02328048497752
9672,26.040244107165588
9673,26.03836195790398
9674,25.990969952402615
9675,25.970449236122036
9676,25.943612292876967
9677,25.94571650928671
9678,25.964808808303932
9679,25.96047709921026
9680,25.959515643384528
9681,25.91943265944266
9682,25.879394466782415
9683,25.919102843443213
9684,25.894496283539237
9685,25.967596496032886
9686,26.04930313300719
9687,26.168930628780295
9688,26.251398147613465
9689,26.420688699686824
9690,26.857809497965228
9691,27.188674437935838
9692,27.69248822716383
9693,28.216485632712953
9694,28.991539217472656
9695,29.891351301038085
9696,30.46639168453853
9697,31.03203590144763
9698,30.993371373024544
9699,30.832819068518823
9700,30.928831398005805
9701,31.09493287853713
9702,30.814480729625163
9703,30.663331974468136
9704,30.98178032722402
9705,31.385808806283322
9706,31.98927650989736
9707,32.408169419795115
9708,32.85712133860561
9709,32.95545279293775
9710,33.012464416370264
9711,32.85995980893989
9712,32.63439975357152
9713,32.53797694446087
9714,32.97262058824869
9715,33.499072540326495
9716,33.89556757251429
9717,33.73575664190796
9718,33.79556874664187
9719,34.2418282493493
9720,34.43151545420939
9721,34.49331188660953
9722,34.48913217954636
9723,34.5762610537326
9724,34.87637117397392
9725,34.73947447986623
9726,34.32207508332614
9727,34.14035348497669
9728,34.162569390431514
9729,33.991864997157215
9730,34.76968552410665
9731,35.605911804624405
9732,35.78804650508732
9733,35.61002796564701
9734,35.21583125387383
9735,34.98314124547887
9736,34.94084674791476
9737,34.55048249270323
9738,34.06457644986055
9739,33.849901863702364
9740,33.73395039801642
9741,33.228344567106525
9742,32.519818975364785
9743,32.249991664482856
9744,32.231932690102695
9745,32.02772016944054
9746,31.740783495668808
9747,31.725571714039518
9748,31.854625017148756
9749,31.802073859469612
9750,31.50212473259129
9751,30.868318808985194
9752,30.273981022980777
9753,29.861446768652765
9754,29.706248157443998
9755,29.345743703233868
9756,29.224661711097994
9757,29.004099870874153
9758,28.77761647059318
9759,28.55764011717701
9760,28.107223743827298
9761,27.77711456022103
9762,27.657963540053252
9763,27.429422722846002
9764,27.21256406903906
9765,27.086834248634705
9766,26.932957472504654
9767,26.832568510565217
9768,26.806339544075037
9769,26.733402492562465
9770,26.60873252561457
9771,26.545547311359922
9772,26.521061628685864
9773,26.4890984786949
9774,26.431624223376467
9775,26.372676493419732
9776,26.33232903526551
9777,26.29563535304884
9778,26.264437752839314
9779,26.23002799965592
9780,26.28129733613386
9781,26.26480420399831
9782,26.248827289103136
9783,26.2206955701798
9784,26.233357344611832
9785,26.195696095551792
9786,26.185200336804016
9787,26.093076116427753
9788,26.08684719537267
9789,26.12677598293594
9790,26.053120965497484
9791,26.05450575648775
9792,26.61779153656392
9793,26.62260794942684
9794,26.62216346343667
9795,26.66925340373453
9796,26.679334862707343
9797,26.64541796895108
9798,26.662720508965855
9799,26.634607383941034
9800,26.636156969145812
9801,26.624975153779772
9802,26.62249497788581
9803,26.616646385193544
9804,26.629466626369883
9805,26.61258385343978
9806,26.580450474664325
9807,26.55951527867103
9808,26.533744257668832
9809,26.527076604119987
9810,26.56213523948006
9811,26.563428472746516
9812,26.49991679749276
9813,26.544032171834203
9814,26.495648762844596
9815,26.494008900264582
9816,26.493461056559116
9817,26.476450667438865
9818,26.485092968575998
9819,26.488317575571628
9820,26.4916599603551
9821,26.49456614468707
9822,26.499736991761512
9823,26.50514029007139
9824,26.490088028686486
9825,26.495596459782124
9826,26.535502187936366
9827,26.607802823584933
9828,26.58566259543138
9829,26.644337614421232
9830,26.693244591229142
9831,26.83455720620915
9832,26.954321864390423
9833,27.097658319944195
9834,27.223723236052848
9835,27.391930167937073
9836,27.36572083775916
9837,27.432519161252422
9838,27.406575633009012
9839,27.465516807323084
9840,27.52747394455018
9841,27.674353978833558
9842,27.92704371212485
9843,28.42245439094258
9844,28.69186777638294
9845,28.954643182217044
9846,29.137985517192657
9847,29.19507082150302
9848,29.216335546027842
9849,29.818281483951488
9850,30.1528756787408
9851,30.558187744317117
9852,31.03646020190653
9853,30.964795280307143
9854,31.12982945167826
9855,31.236669036131534
9856,31.29671178004451
9857,31.688640712221318
9858,31.460295117651462
9859,31.207325573325285
9860,30.721141177451482
9861,30.121606045564132
9862,29.39686778394533
9863,28.688781431484703
9864,28.27710225812746
9865,28.031603549505707
9866,27.848722549000378
9867,27.642773014902197
9868,27.58980933897913
9869,27.831805781311957
9870,27.53767988995964
9871,27.620219408368328
9872,27.61448521838639
9873,27.78642641951532
9874,28.106311202228902
9875,28.441359508227563
9876,28.543564338804302
9877,28.528179363880163
9878,28.641093158223793
9879,28.810464529751098
9880,28.809006261325226
9881,28.88486680937084
9882,28.813912787970644
9883,28.819976902255995
9884,28.838576890971986
9885,28.987720736528352
9886,29.12761865540381
9887,29.286541067834868
9888,29.570992209577962
9889,29.713297217603163
9890,29.940681428427293
9891,30.18270040617402
9892,30.778113459062702
9893,30.667129612453795
9894,30.233488141909742
9895,29.779313385291815
9896,29.400679656873102
9897,29.12729999488313
9898,28.95845382513246
9899,28.66083795478702
9900,28.364282366437994
9901,28.014722087109686
9902,27.781781695948858
9903,27.617563163282867
9904,27.523998930238932
9905,27.427816454459595
9906,27.315629635339626
9907,27.252971528028542
9908,27.135685864724273
9909,27.081836438282114
9910,26.998146269717086
9911,26.89451298771921
9912,26.803194123900536
9913,26.798128523519203
9914,26.600043867105118
9915,26.480385028912927
9916,26.437311318272215
9917,26.37951037910015
9918,26.28657228941634
9919,26.200665196280834
9920,26.083361109300203
9921,26.01362806475402
9922,25.91643202555914
9923,25.880951126023632
9924,25.982773819376085
9925,26.176301133504037
9926,26.186841749451613
9927,26.215156647180095
9928,26.232727600686598
9929,26.176214286622837
9930,26.06176488983013
9931,25.958694170969476
9932,25.83324015575038
9933,25.792953900293757
9934,25.64680570683053
9935,25.47139445530943
9936,25.9234638856295
9937,25.729545415459867
9938,25.761061744546566
9939,25.61429193698068
9940,25.599847663645118
9941,25.55450748978419
9942,25.4450146518753
9943,25.3887089923704
9944,25.289225990418554
9945,25.322700472479745
9946,25.298107086972937
9947,25.2662843490797
9948,25.12649782024496
9949,25.11683165471988
9950,25.035247183894313
9951,25.105258915460134
9952,25.06987094714243
9953,25.188223469945477
9954,25.036455583190193
9955,25.03855191160069
9956,24.982388189062803
9957,24.96978132557562
9958,24.88123817737164
9959,24.92713256158527
9960,24.83031741513522
9961,24.757370240839926
9962,24.73157377377222
9963,24.783015922484847
9964,24.786336735375954
9965,24.769121473883914
9966,24.694663354093127
9967,24.660151265245982
9968,24.659738935082178
9969,24.597215492474845
9970,24.55438185394779
9971,24.57161620696711
9972,24.624929304018323
9973,24.742647849619512
9974,24.907935174170728
9975,25.13943756278413
9976,25.50924840741063
9977,25.889063282341073
9978,26.048652497146648
9979,26.28019049088177
9980,26.953921323426297
9981,27.62865083766676
9982,28.263158546026627
9983,28.79325157826314
9984,29.146694903935494
9985,29.542681035030704
9986,30.03668871606098
9987,30.51089212993197
9988,31.330325153406033
9989,32.26838333503362
9990,32.80250782428386
9991,33.062297182346995
9992,33.62203612633373
9993,34.369840714080354
9994,34.88018699130577
9995,35.42189418382157
9996,35.778025055841276
9997,35.9412525409553
9998,36.08790719045087
9999,36.26363707003685
10000,36.49883116682042
10001,36.498204915309415
10002,36.850019057938795
10003,37.02766186748185
10004,37.45210109095274
10005,37.79742209784978
10006,38.0825603647209
10007,38.21040047178096
10008,38.39646654627928
10009,38.55718188857321
10010,38.62044412556834
10011,38.734655049511524
10012,38.482456555296444
10013,38.42428653135917
10014,38.15885327220148
10015,37.72017280379789
10016,37.453195677066326
10017,37.39313176091492
10018,37.61455417550325
10019,37.59775545696998
10020,37.38309262456964
10021,37.40043651629283
10022,37.24879637057192
10023,37.1109198499744
10024,37.02759293998983
10025,36.96600152402186
10026,36.65620566136418
10027,36.21933631631172
10028,35.96787659468036
10029,35.829322993231976
10030,35.604421882683496
10031,35.01421737691521
10032,34.38742211002777
10033,34.086703963714406
10034,34.28032790676928
10035,34.08846753718163
10036,33.937880857657944
10037,33.28125336861428
10038,32.91949249879428
10039,33.14147273481937
10040,32.92308978990249
10041,32.56351513476535
10042,32.47971780784895
10043,32.27683580507262
10044,31.80895496810328
10045,31.354178270617552
10046,31.00840685837028
10047,30.80586467701383
10048,30.65738590917045
10049,30.175242018175062
10050,29.765007712829593
10051,29.37336122488654
10052,28.911046850449136
10053,28.404856925731746
10054,28.025019336044192
10055,27.633263227195766
10056,27.351911195962273
10057,27.19969760202936
10058,27.094734679113856
10059,27.09066022594805
10060,27.07194305987519
10061,27.069552424803405
10062,27.055472693483534
10063,27.048139663122974
10064,27.03573668177191
10065,27.03404891102954
10066,27.013851017808232
10067,26.955974850441265
10068,26.941779767261004
10069,26.9150604223003
10070,26.85598676373235
10071,26.78403039134949
10072,26.683639957397787
10073,26.65913552711686
10074,26.596377131342088
10075,26.458490480180217
10076,26.434504634140104
10077,26.400095044188177
10078,26.341310053908796
10079,26.313474542754488
10080,26.81250643747503
10081,26.73886853593305
10082,26.685268583235256
10083,26.64105842424298
10084,26.60580393700043
10085,26.549972435533174
10086,26.50404369882184
10087,26.43321561361115
10088,26.397284930947507
10089,26.199745847067938
10090,26.21255680778404
10091,26.402160988415776
10092,26.296107566900705
10093,26.206859715038046
10094,26.117654607430275
10095,26.044424535550085
10096,26.14637886425272
10097,26.173328824489996
10098,26.118035346674276
10099,26.132916567498025
10100,26.15671531077519
10101,26.219983564908265
10102,26.260078798710634
10103,26.24537218993135
10104,26.300354522865405
10105,26.31660851596966
10106,26.324060224986184
10107,26.401219195357392
10108,26.457834486614388
10109,26.47926386988089
10110,26.39850909815642
10111,26.29925440033145
10112,26.28813940412087
10113,26.29842207478782
10114,26.224976843356373
10115,26.17749241788497
10116,26.335193652041333
10117,26.39602754923346
10118,26.63539873142101
10119,26.798567594828516
10120,26.78570823060281
10121,26.877900872149763
10122,27.01493917013715
10123,27.191089896015075
10124,27.336781138031853
10125,27.582626877105923
10126,27.931467067728594
10127,28.24027510890546
10128,28.458266397170817
10129,28.795842142282137
10130,29.081979940220656
10131,29.339010465222024
10132,30.134569767409335
10133,30.64715976711732
10134,31.100904160353323
10135,31.463116795922637
10136,31.85833546706565
10137,32.07175556618783
10138,32.11167677864935
10139,32.15578815585572
10140,32.158223949678536
10141,32.21104434429857
10142,32.43389393638761
10143,32.304195777952
10144,32.223354342092605
10145,32.71808889388174
10146,33.16461968448239
10147,33.44309989527545
10148,33.95018601709593
10149,35.090558767010236
10150,35.99814066835087
10151,36.24581671160605
10152,36.250809001393
10153,35.82535392847144
10154,36.272255734962414
10155,36.91586536327104
10156,37.33807039110624
10157,37.717160641880135
10158,37.581556775309046
10159,37.11409412133377
10160,37.09639874125326
10161,37.446408189462346
10162,37.7275961411312
10163,37.96493757485078
10164,37.92384783285031
10165,37.65330203280429
10166,36.99701689059627
10167,36.43002851738276
10168,35.96062125792695
10169,36.04431857380025
10170,35.7643111661518
10171,35.41472962403935
10172,34.993466906823805
10173,34.95136310470621
10174,34.984775812716926
10175,35.015100422134154
10176,34.95512853886032
10177,34.8955889060369
10178,34.519753044339495
10179,34.26046651891175
10180,34.11642082669604
10181,33.89110062427609
10182,33.669999476808044
10183,33.38913154479809
10184,33.27052654545174
10185,33.09808801863691
10186,32.90069969809016
10187,32.669046647799114
10188,32.52826053809
10189,32.18403879958944
10190,31.79032343529324
10191,31.348255589311712
10192,31.013693801686543
10193,30.647936151463043
10194,30.226301929045384
10195,29.771825717593472
10196,29.292842700852326
10197,28.59201569719908
10198,28.087955972410935
10199,27.819210437246355
10200,27.67148321978678
10201,27.528922985643202
10202,27.40684847854656
10203,27.26142663804839
10204,27.18996223786411
10205,27.139654274468533
10206,27.05333710967058
10207,27.091609167091015
10208,26.929573653444088
10209,26.94148199034564
10210,27.058158332733267
10211,27.115092424563258
10212,27.079156329753037
10213,27.18767403757758
10214,27.180771087324953
10215,27.12535696546743
10216,27.14862800619271
10217,27.171947587149198
10218,27.166048950588294
10219,27.134634844247916
10220,27.115373930728087
10221,27.091156463811533
10222,27.07081735595924
10223,27.067444976948263
10224,27.684951856814436
10225,27.64707276924819
10226,27.693740554427755
10227,27.71998350037465
10228,27.703760452809714
10229,27.626891049078353
10230,27.676257092743334
10231,27.6387455889636
10232,27.708868432855756
10233,27.718642370333622
10234,27.661571899613723
10235,27.716688598223307
10236,27.676157909416037
10237,27.6611292043529
10238,27.709100409671983
10239,27.704809624756074
10240,27.663800423178508
10241,27.682893420857816
10242,27.70951812652021
10243,27.66649772573951
10244,27.659973269587056
10245,27.631316103818246
10246,27.610904315604913
10247,27.584127860273274
10248,27.553482465263365
10249,27.495454159186274
10250,27.510045063800515
10251,27.4927752646387
10252,27.568022112897417
10253,27.578728482185298
10254,27.533024440250426
10255,27.510700521704088
10256,27.441745382121482
10257,27.385911211403915
10258,27.315065475659377
10259,27.357267310926513
10260,27.425180256801163
10261,27.45769090439442
10262,27.545273849546252
10263,27.65138047530123
10264,27.716151632327477
10265,27.862167670960932
10266,28.128304203081452
10267,28.604045113463002
10268,29.06258355088383
10269,29.647850419578088
10270,30.045640601024616
10271,30.38539556331959
10272,30.9495191274012
10273,31.36602543539709
10274,31.564595474576006
10275,31.473881372991155
10276,31.232748560685064
10277,31.075425820926075
10278,31.621443086750826
10279,32.1919926386093
10280,32.776733892151356
10281,33.1292220937376
10282,33.29084274411121
10283,33.83345351808311
10284,34.13444536287608
10285,34.320151765537766
10286,34.448345224680644
10287,34.47350406672739
10288,34.14554212322582
10289,34.20116664516042
10290,34.4950258161664
10291,34.636011822922505
10292,35.465995713226405
10293,36.086821339769756
10294,36.59442523809593
10295,37.22080997055833
10296,36.97861413803259
10297,36.47462798451977
10298,36.8471639328941
10299,37.29182241511164
10300,37.69907554398848
10301,37.86433766698137
10302,37.935262421269634
10303,38.03737396742267
10304,37.797038458212285
10305,37.65482696081795
10306,37.858916436315155
10307,38.04860718534438
10308,38.063895050358354
10309,37.8396640828622
10310,37.136305963225595
10311,36.46510004784603
10312,36.24555895119653
10313,36.15437652976442
10314,35.82835797547075
10315,35.4853282407524
10316,35.29078851867053
10317,34.74247719316107
10318,34.875268640549706
10319,34.939834581676784
10320,34.53204169368681
10321,34.39462638475656
10322,34.35356176696974
10323,34.07620761262365
10324,33.951809967242156
10325,33.79610025587293
10326,33.65534284965534
10327,33.48676665033817
10328,33.34136062079408
10329,33.084243009379016
10330,32.927382054198034
10331,32.69459197720562
10332,32.295671352529
10333,31.84818501208909
10334,31.548441629868325
10335,31.237962360679873
10336,30.810116120082068
10337,30.474913936878785
10338,30.042365939144986
10339,29.404218066924876
10340,28.868250622889537
10341,28.459103344264896
10342,27.980677123926206
10343,27.675037985953722
10344,27.41647367047985
10345,27.269784071237222
10346,27.143822087073907
10347,27.011008874925242
10348,26.93364256810858
10349,26.903375546879218
10350,26.887088077752598
10351,26.833095292375493
10352,26.666299961196255
10353,26.63726763655385
10354,26.65760446528974
10355,26.68800326047327
10356,26.88048898200263
10357,26.87814473508297
10358,26.8107781857452
10359,26.699749870556936
10360,26.56999352981451
10361,26.567369505177798
10362,26.473743089246533
10363,26.472617361102433
10364,26.450474253226606
10365,26.438648249465796
10366,26.407956374713002
10367,26.377057788961967
10368,26.917572824488694
10369,26.912082605658455
10370,26.80873591886142
10371,26.78783399685065
10372,26.762128061986157
10373,26.724539470011187
10374,26.687840548059743
10375,26.67735055094063
10376,26.679998863215967
10377,26.691109576151817
10378,26.659952981898538
10379,26.640227418503784
10380,26.592525931319585
10381,26.553036436112006
10382,26.539210346592274
10383,26.44150855635202
10384,26.388710649014964
10385,26.403805427313987
10386,26.399353519301222
10387,26.183313809430416
10388,26.111486113774397
10389,26.022204292593962
10390,25.94097397074603
10391,25.861907574133156
10392,25.84264194983274
10393,25.832213181599833
10394,25.830329054870866
10395,25.808049022802575
10396,25.79291363423698
10397,25.79407241585922
10398,25.71509477694314
10399,25.668109752068503
10400,25.646353697817986
10401,25.656849596213043
10402,25.654235779547687
10403,25.69150074693558
10404,25.705646347746193
10405,25.80930237086568
10406,25.95154984108973
10407,26.22599866170347
10408,26.482043541036287
10409,26.723444198522685
10410,27.06650621517469
10411,27.558001248451177
10412,28.260252228747454
10413,28.827905903105687
10414,29.344297452271046
10415,29.788224493883995
10416,30.57286778127876
10417,31.046845966394244
10418,31.36783619199808
10419,31.371867242224845
10420,31.056624342663746
10421,31.019019850208604
10422,31.59141457413277
10423,32.22213599610667
10424,32.452237316212965
10425,32.68688716941432
10426,33.000138130787924
10427,33.016546799575146
10428,33.113390466838474
10429,33.858066568184626
10430,34.9917917339455
10431,35.809598249997286
10432,36.10285149829662
10433,35.93164478753327
10434,35.051973860606886
10435,34.51198810218343
10436,34.65290135322586
10437,35.664053873545015
10438,36.51566610932787
10439,36.71911775023478
10440,36.51767279107179
10441,36.723540962349354
10442,37.277565120353366
10443,37.85733399455767
10444,38.50657066200502
10445,38.642191366863365
10446,38.66432196671751
10447,38.46944699551616
10448,38.01191191070684
10449,37.352529230589326
10450,36.68193456439681
10451,36.25401743626465
10452,35.5377143750261
10453,35.126691433067734
10454,35.066182361482525
10455,35.2359858027263
10456,35.352339267938234
10457,35.51731587923361
10458,34.94307202618181
10459,34.97433507958424
10460,35.38025170363024
10461,35.225779316904905
10462,35.35712569179466
10463,34.9643580764134
10464,34.84891516958904
10465,34.87707279482071
10466,34.70434639053052
10467,34.37218703893334
10468,34.15689017335478
10469,34.12718356081774
10470,33.970176865003005
10471,33.83228104517259
10472,33.70195563131146
10473,33.55719898521162
10474,33.46099590845399
10475,33.213835003317996
10476,32.79129790470138
10477,32.350150615583075
10478,32.01201981239351
10479,31.70845735698356
10480,31.36942845913194
10481,30.972283376648654
10482,30.60137747734106
10483,30.116633013248066
10484,29.444607413658584
10485,28.807792291622036
10486,28.218663636350705
10487,27.916681056543077
10488,27.670969107052663
10489,27.54022949786816
10490,27.393347776164482
10491,27.314203641084607
10492,27.300488244341892
10493,27.167611445175524
10494,27.05170722965302
10495,26.997529493303592
10496,26.941330844663973
10497,26.95324397705881
10498,26.92821596432954
10499,26.949681396598926
10500,26.982407321167393
10501,27.008612365689643
10502,27.005230761412292
10503,26.944463819279356
10504,26.80190706532833
10505,26.718366528337306
10506,26.710243790474305
10507,26.531612041036908
10508,26.51390172118063
10509,26.545423011085038
10510,26.39536071692837
10511,26.32158919358183
10512,26.879653667307053
10513,26.812233473518415
10514,26.775284885648013
10515,26.765217016272103
10516,26.72807662737076
10517,26.73301940621836
10518,26.574445105069277
10519,26.527920170674925
10520,26.51798521326865
10521,26.473662275460573
10522,26.454563884731606
10523,26.39604070216653
10524,26.431124850253692
10525,26.430985725062733
10526,26.388742389618773
10527,26.373485625548653
10528,26.35775941391408
10529,26.34241028781088
10530,26.30530260759535
10531,26.32563977936985
10532,26.320992667970376
10533,26.239399118993155
10534,26.130178673124313
10535,26.03448383655824
10536,25.976972747195212
10537,25.879440129529588
10538,25.77591030969852
10539,25.70613552918923
10540,25.566105518767245
10541,25.608735186107427
10542,25.52512710723383
10543,25.42953198227723
10544,25.480527804975956
10545,25.279491085084214
10546,25.215198193018423
10547,25.19750676068906
10548,25.18867949032382
10549,25.318364108948145
10550,25.51497903084286
10551,25.662226737580205
10552,25.890014729854947
10553,26.131811017114742
10554,26.513035571826126
10555,26.794806061782097
10556,27.0436980075804
10557,27.529311886747887
10558,27.808820906331103
10559,28.445248097711342
10560,29.236164632675568
10561,29.7278626947445
10562,30.41106966904106
10563,31.247920129773064
10564,32.09511562931683
10565,32.72400938201835
10566,33.19158700981842
10567,33.74422513679234
10568,34.03475915521044
10569,33.97986519225003
10570,34.30285236899793
10571,34.197970842471804
10572,33.71916670372048
10573,34.13323468106677
10574,35.30479665633262
10575,36.042557566227075
10576,36.7404772467766
10577,37.27966154657818
10578,37.74391947126351
10579,37.937680585017446
10580,37.96301462695716
10581,38.14459959273381
10582,38.15375513128687
10583,37.896431985414644
10584,38.057764790396405
10585,38.050640759750536
10586,38.053799374224795
10587,38.18068158686286
10588,38.493339722711944
10589,38.78344447746045
10590,39.05367021999988
10591,39.14568250601996
10592,38.97933258050429
10593,38.57944731014841
10594,38.44704556604751
10595,38.251933672316454
10596,38.25081602676203
10597,38.26061344734272
10598,37.530583515310504
10599,37.019244215402644
10600,36.88330450801372
10601,36.772128162146025
10602,36.6054909653033
10603,36.442887390462644
10604,36.29001310546925
10605,35.9658178838249
10606,35.79326769358528
10607,35.57570872419847
10608,35.35607639393194
10609,35.3052676270259
10610,35.07805593285845
10611,34.702379625759875
10612,34.64061186345151
10613,34.49012876723508
10614,34.3253514342039
10615,34.15531656293798
10616,33.98003127374275
10617,33.63173969267904
10618,33.361147744662674
10619,33.124506282943045
10620,32.785210099946674
10621,32.369026953351025
10622,32.01271965197856
10623,31.669129731867184
10624,31.36535463336943
10625,30.996261701227894
10626,30.569338383585603
10627,30.189076114269962
10628,29.719757084281078
10629,29.14236964066612
10630,28.648589008854685
10631,28.369612806363914
10632,28.121668197572788
10633,27.89623547312979
10634,27.757763001612844
10635,27.68514124082802
10636,27.624458902369184
10637,27.582329702118138
10638,27.49830812631193
10639,27.48796810069391
10640,27.433117351467814
10641,27.377665872661783
10642,27.359611193528828
10643,27.360365813251097
10644,27.394462779109105
10645,27.44945584595139
10646,27.41522132368677
10647,27.32259285061574
10648,27.419580930590975
10649,27.36463643542375
10650,27.20737239182004
10651,27.150414303282094
10652,27.08717887538
10653,27.115391711987687
10654,27.089588019474125
10655,27.065529124449423
10656,27.64449867161543
10657,27.66720862870691
10658,27.614696860135908
10659,27.60112511580666
10660,27.57029908660524
10661,27.506242944543033
10662,27.422126762727085
10663,27.45975949637028
10664,27.419213953754404
10665,27.35286037473942
10666,27.32913090212756
10667,27.316459702447315
10668,27.256484208192834
10669,27.180588471581355
10670,27.05974704292509
10671,26.95579387799432
10672,26.87347999765931
10673,26.892761020015506
10674,26.792601679353492
10675,26.74834409092148
10676,26.705836559833248
10677,26.666184761788212
10678,26.5726953407654
10679,26.47901675915322
10680,26.51373102360243
10681,26.460627692482205
10682,26.381983866732945
10683,26.19302054465605
10684,26.202987017926468
10685,25.98897958769917
10686,25.93807916981659
10687,25.874013326902457
10688,25.819488207786275
10689,25.80769347658014
10690,25.7116084960249
10691,25.75865836393239
10692,25.749837676108342
10693,25.991870552452003
10694,26.156177016157535
10695,26.353747838484175
10696,26.628590991855706
10697,27.00813418169472
10698,27.51336737935332
10699,28.037871073049253
10700,28.71462404992865
10701,29.32721239645805
10702,29.70636209888926
10703,30.116193487914302
10704,30.52392391717828
10705,31.1590835526292
10706,31.51782617106788
10707,31.712552427087825
10708,31.92710634952028
10709,32.079731642874826
10710,32.619502058576685
10711,32.88562835904042
10712,32.98548680440977
10713,33.43863855496165
10714,33.948248611219945
10715,34.1901009983373
10716,34.639994089620465
10717,35.22363138739579
10718,36.02787606833961
10719,36.825395888304755
10720,37.18870232579718
10721,37.49142895171078
10722,37.92651099478651
10723,38.200055484255564
10724,38.12356958852195
10725,37.71219775305416
10726,37.757404124037386
10727,38.01014505110512
10728,38.33598368180179
10729,38.681114719607656
10730,38.811700373674014
10731,38.89211605968381
10732,39.15101556943013
10733,39.41601173929735
10734,39.49351014982917
10735,39.533624073096234
10736,39.40989799161831
10737,38.8037261667492
10738,37.99938284121714
10739,37.23943956187048
10740,36.36438366506283
10741,35.69972080908074
10742,35.10425258681433
10743,34.53727584995042
10744,34.520501995863704
10745,34.70070780512192
10746,34.45823900583667
10747,33.866064347224054
10748,33.26750556753544
10749,32.62916212806706
10750,32.22081107306742
10751,31.81727718246014
10752,31.34109295244884
10753,30.957232892369863
10754,30.526470806568412
10755,30.16084080197389
10756,29.709203300920823
10757,29.42733258633414
10758,29.328541973879684
10759,29.435357405081916
10760,29.708010000169377
10761,29.876237787449355
10762,30.079714623753436
10763,30.124436420323576
10764,30.23683123579886
10765,30.223142673323096
10766,30.15578915731851
10767,30.022721647521365
10768,29.99240732239909
10769,29.962262207083153
10770,29.780522181064704
10771,29.461295729689184
10772,29.086028902942818
10773,28.704254485469228
10774,28.24184667093294
10775,27.90511989769568
10776,27.700016725471986
10777,27.41663095922334
10778,27.299197724616114
10779,27.181187762728356
10780,27.136367405282904
10781,27.05413660386114
10782,27.016636362449432
10783,26.99951925492138
10784,26.95287533082897
10785,26.9290085606712
10786,26.934710522220847
10787,26.944529483138023
10788,27.047204112185963
10789,27.041154570051447
10790,27.071113318022846
10791,27.016484483918052
10792,26.98984420917869
10793,26.982557880347898
10794,26.961894452585945
10795,26.870062333906738
10796,26.805471140230367
10797,26.767639536434235
10798,26.720992724852373
10799,26.604250265493274
10800,27.02691478433642
10801,26.999870893665182
10802,26.962106166140106
10803,26.954471506170837
10804,26.793829113460696
10805,26.90080078022902
10806,26.758107539684275
10807,26.713636866077426
10808,26.673223824672807
10809,26.670058210821466
10810,26.62994954454853
10811,26.582927527708243
10812,26.527058559697977
10813,26.543108474595535
10814,26.528087616144443
10815,26.428508078914824
10816,26.419492742028584
10817,26.423713553098004
10818,26.341002318468604
10819,26.299700703871462
10820,26.268783363419224
10821,26.198296242090066
10822,26.197209128242115
10823,26.0919749674935
10824,26.07648389771653
10825,26.01927078750888
10826,25.85188121892607
10827,25.79802667491148
10828,25.783977213089813
10829,25.709561187056295
10830,25.639019841881588
10831,25.61636290615008
10832,25.50607966653344
10833,25.463795685457473
10834,25.545049227226656
10835,25.487641712586292
10836,25.553259942475353
10837,25.64524528090157
10838,25.74415481285299
10839,25.90708472998459
10840,26.229624874524088
10841,26.447570950386808
10842,26.74633383820667
10843,27.215357132677223
10844,27.843434351193725
10845,28.429520549870595
10846,29.119560813031455
10847,29.759735276011714
10848,30.34426167966602
10849,30.94292140719168
10850,31.880735668691454
10851,32.521821759432605
10852,32.98802747719682
10853,33.29776346803059
10854,33.634117941768196
10855,33.7697274335587
10856,34.0484898911883
10857,34.36151735490148
10858,34.70293025017992
10859,35.13394419816606
10860,35.632956338483204
10861,36.09825193991732
10862,36.60526622216818
10863,36.96651720049242
10864,37.34700928165226
10865,37.60914055187734
10866,37.4452833340507
10867,37.26772266228328
10868,37.094968542631825
10869,36.85927799826649
10870,36.8233585765411
10871,37.24784442324311
10872,37.55300876907627
10873,37.935616098773245
10874,37.9888097528502
10875,37.631862619833385
10876,37.326583632601796
10877,37.58683919066666
10878,37.92426510767778
10879,38.360326369836976
10880,38.65010990377219
10881,38.675298484594784
10882,38.04850883801191
10883,37.0261437687079
10884,36.05579084669589
10885,35.615485912266735
10886,35.614232480100675
10887,35.82276863674322
10888,36.055958917711415
10889,36.208634711868406
10890,36.06158333538355
10891,36.00798585115567
10892,35.89343027689999
10893,36.043339310922036
10894,36.24192076722571
10895,35.797953337083854
10896,35.189937827768915
10897,34.827490223225865
10898,34.58001159225742
10899,34.37411119368876
10900,34.204055409882166
10901,34.07774824920641
10902,33.74943640484782
10903,33.19516354927405
10904,32.78918959386875
10905,32.50087495496131
10906,32.25614434884768
10907,31.89474751191624
10908,31.404162494439536
10909,30.822500039578895
10910,30.439290543878776
10911,30.054353396162703
10912,29.731385044438287
10913,29.45463461746482
10914,29.174597472250188
10915,28.986852363254794
10916,28.751373377218027
10917,28.541028828400442
10918,28.300474570214085
10919,27.971067750690576
10920,27.71388293162768
10921,27.585773279702728
10922,27.387023383138178
10923,27.283873250126764
10924,27.200597137914116
10925,27.104506613417463
10926,27.008202359973374
10927,26.940100671730086
10928,26.86674889501527
10929,26.791637134990175
10930,26.77938078939605
10931,26.718722868837112
10932,26.72199491208719
10933,26.73056435286541
10934,26.63877420884372
10935,26.631953070390722
10936,26.5812296856533
10937,26.59495917484248
10938,26.65755568557913
10939,26.74017066439884
10940,26.72979723255763
10941,26.741539973238005
10942,26.75932287956028
10943,26.65998988823523
10944,27.147308354843183
10945,27.107902034361285
10946,27.11368643281103
10947,27.018957876884304
10948,26.976054887028987
10949,26.932601784789476
10950,26.89135941169569
10951,26.824382500926383
10952,26.839937814579123
10953,26.76844579304471
10954,26.723774350945174
10955,26.703345687090973
10956,26.656972724103223
10957,26.628656549933822
10958,26.59754484156596
10959,26.623751107803155
10960,26.61672945943944
10961,26.598595509886657
10962,26.52872604854621
10963,26.5555549819638
10964,26.500451939542344
10965,26.53100168567194
10966,26.46631519857194
10967,26.428674120283702
10968,26.41548882281535
10969,26.282724067149392
10970,26.292224703004734
10971,26.250134941859585
10972,26.207359643029648
10973,26.153865235961465
10974,26.119961187495576
10975,26.041484216270717
10976,26.07016720602581
10977,25.845220940370147
10978,25.875820180380074
10979,25.843924880970846
10980,25.963485441670613
10981,26.008646763452465
10982,26.252576931969895
10983,26.414932610573413
10984,26.58634170619967
10985,26.781597891103146
10986,27.01953481481326
10987,27.424323623857887
10988,27.910330778056473
10989,28.360366465285487
10990,28.88842645569601
10991,29.32303215898683
10992,29.74109653763043
10993,30.232714395014014
10994,30.667870133880932
10995,31.53128735449652
10996,32.157909844243235
10997,32.49381607439945
10998,32.93534103176349
10999,33.267195937263246
11000,33.49068553607384
11001,33.83069014391747
11002,34.28378805523179
11003,34.697374318794836
11004,35.043282889045926
11005,35.50104058517106
11006,36.02656327492158
11007,36.44956653456115
11008,36.88859375571842
11009,37.28160974769032
11010,37.60531535693171
11011,38.06756995351442
11012,38.27196527854286
11013,38.38040941401168
11014,38.18243738473603
11015,37.52968539085334
11016,36.99647143041731
11017,37.34498296186227
11018,37.97507192850638
11019,38.53844658269413
11020,38.50278413252342
11021,38.08165541848181
11022,37.74453307797523
11023,38.17583167805134
11024,38.6488734186894
11025,39.045405788772705
11026,38.920892211093744
11027,38.356507183315756
11028,38.0855244293777
11029,37.7643244431104
11030,37.19231468925833
11031,36.76346622430485
11032,36.787725385225436
11033,36.654532828300816
11034,36.478001132497596
11035,35.8187273175603
11036,35.648871166929396
11037,35.507347624241945
11038,35.57088986176727
11039,35.646774029799204
11040,35.637792246857
11041,35.523683559264605
11042,35.35491530859271
11043,34.78304006250061
11044,34.19907029366075
11045,33.877910858176605
11046,33.87838885412054
11047,33.51132394791371
11048,33.07802163191538
11049,32.63756444026171
11050,32.292796349126114
11051,31.931233226505366
11052,31.554970329348205
11053,31.05977796553939
11054,30.726972186211658
11055,30.586076969068696
11056,30.290525985522784
11057,29.867535967998148
11058,29.362619568953903
11059,29.063430365290124
11060,28.804547320151606
11061,28.599012088033682
11062,28.253641053912883
11063,28.01563133241896
11064,27.844074125659965
11065,27.776873254916325
11066,27.625801378694266
11067,27.583021842884325
11068,27.490849527984565
11069,27.489509532506172
11070,27.32108129352094
11071,27.27106264298748
11072,27.224787526356696
11073,27.20196100102914
11074,27.1708132230563
11075,27.150869169993616
11076,27.159188389923365
11077,27.15529585797126
11078,27.223694571089894
11079,27.381165283010755
11080,27.21834701830405
11081,27.12832492860712
11082,27.099916519610982
11083,27.184359176454
11084,27.19067252746451
11085,27.057031214904587
11086,26.91396560629005
11087,26.849886716130477
11088,27.49416376711816
11089,27.543762710360568
11090,27.57429345354563
11091,27.62591500155545
11092,27.644698720392462
11093,27.668996319729683
11094,27.797138196077285
11095,27.87585355331323
11096,27.91909106405996
11097,27.864294000268323
11098,27.836532289725938
11099,27.7902837211391
11100,27.704901178977437
11101,27.648621782079918
11102,27.618846044990164
11103,27.512001203802352
11104,27.54104294097231
11105,27.53187774361715
11106,27.511590835209535
11107,27.269726274400693
11108,27.30172942708925
11109,27.153807545721946
11110,27.08967887247156
11111,27.214712444555033
11112,27.024811696607763
11113,26.97782830397773
11114,26.97470589321
11115,26.908073098873068
11116,26.839575534058923
11117,26.655883292972796
11118,26.559315290408325
11119,26.43941476984487
11120,26.468106971068696
11121,26.43493111261119
11122,26.284424050929985
11123,26.419923873078588
11124,26.41311760385772
11125,26.360486086828207
11126,26.552555082480836
11127,26.720981212717103
11128,26.907430474186004
11129,27.166566798885686
11130,27.564961916771583
11131,28.083339197364765
11132,28.595138471270122
11133,29.105805378829977
11134,29.67654045975982
11135,30.24799515890479
11136,31.050777651753588
11137,32.19123098176947
11138,32.95533843896877
11139,33.5075941984191
11140,33.89547097933653
11141,34.10388330209584
11142,34.12088189470518
11143,34.17326546101435
11144,34.234913593431585
11145,34.489327919639976
11146,34.69708237732386
11147,35.16316899453938
11148,35.6523587366912
11149,36.20526850796794
11150,36.590616322241885
11151,36.98911393527712
11152,37.30019821880826
11153,37.19773472020756
11154,36.83255635669377
11155,36.28579227030674
11156,36.11432342443239
11157,36.75468785762696
11158,36.93398042479671
11159,36.770885134927774
11160,36.56352744577321
11161,36.3805540756938
11162,36.143789547356555
11163,35.95659957698947
11164,35.90280068823459
11165,35.853288661115194
11166,35.78884791506883
11167,35.585388055230055
11168,35.40632619801534
11169,35.28213022169313
11170,35.32152142639535
11171,35.19844890318903
11172,35.14738005594511
11173,35.19678975933634
11174,35.159300435649975
11175,34.792358903246566
11176,34.51726314210769
11177,34.27136839296145
11178,33.9274074715937
11179,33.53475905615132
11180,33.34674073825507
11181,33.277956888301226
11182,33.23640659867812
11183,33.19050692696007
11184,33.05907214503708
11185,32.85384832115555
11186,32.59817939045997
11187,32.11534995399824
11188,31.837081086787627
11189,31.545877987685984
11190,31.292784555414663
11191,31.000247764214212
11192,30.725043244061283
11193,30.35540604161477
11194,29.913417130460548
11195,29.552234988984438
11196,29.243858093781192
11197,28.928241855799705
11198,28.77263557954379
11199,28.588995133697708
11200,28.423206685624915
11201,28.31102590407111
11202,28.151133021020776
11203,28.03793806045295
11204,27.87383454649845
11205,27.702142569524195
11206,27.607289139175233
11207,27.53265358131746
11208,27.373535255488015
11209,27.413782872428726
11210,27.466162367908538
11211,27.276291232726255
11212,27.145153680652083
11213,27.01866964045505
11214,26.888671979452592
11215,27.042492795971242
11216,26.883785139834814
11217,26.956087392708703
11218,26.997903802842966
11219,26.95595127686702
11220,26.94199777900038
11221,26.890452782060418
11222,26.84959211586287
11223,26.81843799875237
11224,26.804596649436306
11225,26.75591132180139
11226,26.780549426887614
11227,26.77829422179853
11228,26.779836283577527
11229,26.766277403619085
11230,26.852413636050933
11231,26.92813549003535
11232,27.526988970405174
11233,27.544977183402906
11234,27.441813235393617
11235,27.220721420500617
11236,27.045584686356328
11237,27.06029500839196
11238,27.040883394826132
11239,26.79986277912406
11240,26.481716656190027
11241,26.187810997032123
11242,25.925989304543528
11243,25.95253156576451
11244,25.71429008469662
11245,25.443857454089045
11246,25.29443996887936
11247,25.217093154716075
11248,25.3050893459189
11249,25.15743262528485
11250,25.179566702114304
11251,25.226284700573586
11252,25.158511572521014
11253,25.223018222027655
11254,25.17490793102628
11255,25.2828869535959
11256,25.309967747533232
11257,25.20305362213565
11258,25.25345008199224
11259,25.321170372087003
11260,25.31834671093905
11261,25.37259099033533
11262,25.359517065313206
11263,25.37613459015398
11264,25.294417554732032
11265,25.243582386515868
11266,25.170007454799347
11267,25.27598622552228
11268,25.30717483916937
11269,25.334317858736586
11270,25.425855053813745
11271,25.55925484751485
11272,25.62779753804627
11273,25.751141059055293
11274,25.822869998140728
11275,25.908113623068928
11276,25.94329514516182
11277,26.1511283556305
11278,26.530654043497265
11279,27.137669933319827
11280,28.025331516487746
11281,28.76621864543595
11282,29.256335400030785
11283,29.53768916349302
11284,29.786250979502068
11285,30.245897468782623
11286,30.731812164241685
11287,31.496896975584036
11288,32.53305320959417
11289,33.563529808164205
11290,33.97827451927697
11291,34.50200756158798
11292,35.09027561262752
11293,35.67619744055768
11294,36.30921872964774
11295,36.583985132351344
11296,36.66796748088499
11297,36.80283222830925
11298,36.97254282801773
11299,37.105231226479106
11300,37.01922321511116
11301,37.019359268374316
11302,37.24552855890667
11303,37.617295401193935
11304,37.71307824428311
11305,37.62049639357975
11306,37.87970846582934
11307,38.12489731582519
11308,38.11278993813359
11309,37.720829735457855
11310,37.29584344545171
11311,36.735838536208675
11312,36.4457021200911
11313,36.78689928511533
11314,36.96695781553689
11315,37.0138950816856
11316,37.200298107882126
11317,37.35885646985588
11318,37.044792837797395
11319,36.77144931879346
11320,36.76428702091498
11321,36.681302325737356
11322,36.337198160229605
11323,36.19468375953918
11324,35.902099291107234
11325,35.466092225360434
11326,34.98994115856822
11327,34.749969440649814
11328,34.78454084392655
11329,34.565144927827156
11330,34.27625725654548
11331,34.164946934445084
11332,34.13204329901374
11333,33.92881462778902
11334,33.58504094826485
11335,33.30915413095429
11336,32.98451184157745
11337,32.66136575389129
11338,32.411161393221256
11339,32.17386646742559
11340,31.89994573578649
11341,31.50682457953194
11342,31.22947199842913
11343,30.949404120552455
11344,30.542409341112624
11345,30.096472337073912
11346,29.557440356505417
11347,28.94203458141283
11348,28.40556735080582
11349,27.987003043432544
11350,27.704020862061114
11351,27.642326355328635
11352,27.424261719540752
11353,27.333152586450403
11354,27.27949779082467
11355,27.28666709937449
11356,27.32452669465144
11357,27.282100117987163
11358,27.27497180290429
11359,27.325700408078077
11360,27.268344783884494
11361,27.21657425928966
11362,27.179650904244184
11363,27.10490343331233
11364,27.080167884770443
11365,27.035575734895165
11366,26.86672431108329
11367,26.798826862329314
11368,26.66942018175773
11369,26.806386089025363
11370,26.63949731893284
11371,26.66235669949106
11372,26.525488305982567
11373,26.51617596677172
11374,26.40491353019525
11375,26.2992071855425
11376,26.82671099547471
11377,26.728766916328823
11378,26.808353738036473
11379,26.641540240247483
11380,26.65466563008133
11381,26.642689230267095
11382,26.623321175813615
11383,26.605278577481194
11384,26.529882575272914
11385,26.50967960672866
11386,26.45074186621743
11387,26.42008186611462
11388,26.38792518730275
11389,26.240962864056357
11390,26.14659790987187
11391,26.09279923034395
11392,26.0456540916881
11393,26.039851311340243
11394,26.03846915663511
11395,26.075827147030513
11396,26.229922285508614
11397,26.250835780948158
11398,26.294003448423062
11399,26.278673083155503
11400,26.287514494950383
11401,26.223169588816678
11402,26.029443845700683
11403,26.03585773524736
11404,26.02160286775004
11405,26.154757105091132
11406,26.191877499887774
11407,26.154821894586
11408,26.130375752600102
11409,26.10370239130231
11410,26.10807706887332
11411,26.123585951261706
11412,26.2194045213289
11413,26.274626563994953
11414,26.361522534804852
11415,26.500288429023787
11416,26.673584194412932
11417,26.939909753650426
11418,27.16999110753457
11419,27.41142236382961
11420,27.70567300148931
11421,27.967846074330595
11422,28.340215589715115
11423,28.582886845692936
11424,28.922145330055642
11425,28.951266669952926
11426,29.453460010165045
11427,30.336838775589683
11428,31.235788686586343
11429,32.06580105458436
11430,32.561279110230956
11431,33.19252140982728
11432,33.503690462747855
11433,33.3041596950181
11434,33.12742836276058
11435,33.02501495031217
11436,33.56185143066007
11437,34.53706013942103
11438,34.90711475434186
11439,34.72602975510303
11440,34.45422403200993
11441,34.46838592462223
11442,35.28364921364756
11443,35.653113370469846
11444,35.483169485485845
11445,35.53303684473039
11446,35.74281863046876
11447,35.91379773079091
11448,35.86453256645301
11449,35.918754355056876
11450,36.55949387864313
11451,36.6294057046862
11452,36.34758827330592
11453,35.854732073623175
11454,35.08761830569949
11455,34.68913827129556
11456,34.3541392213133
11457,34.091117591542144
11458,33.74302482787252
11459,33.49592672434336
11460,34.06734647494474
11461,35.23791682097535
11462,35.85402247849281
11463,36.15453910164137
11464,36.12927364689248
11465,35.92960720039328
11466,35.52989530804201
11467,34.4867597016612
11468,33.03085039531817
11469,31.959650456970273
11470,31.5817175804771
11471,31.221830408116116
11472,30.604331288736926
11473,30.238863655043403
11474,29.834241970751574
11475,29.57271095343441
11476,29.781008029743344
11477,29.969808694677035
11478,29.658496223971987
11479,29.221509666888494
11480,28.925777569547613
11481,28.58285906660914
11482,28.473591363591783
11483,28.393265586007626
11484,28.10225025366326
11485,27.78581394434601
11486,27.619513693712594
11487,27.233112320440213
11488,26.8038290101822
11489,26.692606795957484
11490,26.582875938995386
11491,26.45583309572867
11492,26.36376703156617
11493,26.18067661965761
11494,25.944042145744838
11495,25.87316249977384
11496,25.805393367365113
11497,25.649686938235238
11498,25.6306553793971
11499,25.595997174496247
11500,25.611016848737908
11501,25.468421800568898
11502,25.447852433097705
11503,25.43386951942843
11504,25.353619019620822
11505,25.411107790950766
11506,25.378187920934554
11507,25.345681851357064
11508,25.33208392970408
11509,25.31230946541362
11510,25.33907523019193
11511,25.31162852944988
11512,25.303021278280283
11513,25.35476692223262
11514,25.386434059242138
11515,25.37929745911695
11516,25.389180240958215
11517,25.33593654781698
11518,25.33040749845607
11519,25.269685539898017
11520,25.755256783523038
11521,25.655677301276654
11522,25.662409888260918
11523,25.670022132508578
11524,25.668701254540842
11525,25.625417801009558
11526,25.645580887779843
11527,25.60015276251175
11528,25.630845063387156
11529,25.63297308087698
11530,25.49660445619046
11531,25.474994033836744
11532,25.516401273433925
11533,25.446837813175375
11534,25.44149507464982
11535,25.415778252313977
11536,25.372207518248235
11537,25.372773756731334
11538,25.37427853784915
11539,25.33250892033867
11540,25.344189092071353
11541,25.340929401552494
11542,25.344614517282288
11543,25.34867814804147
11544,25.342424737668484
11545,25.345105015172834
11546,25.23321042475426
11547,25.266979498692265
11548,25.2306647974763
11549,25.233983099058868
11550,25.225790211593587
11551,25.19857203835101
11552,25.194420184088397
11553,25.241656010203354
11554,25.25301948264301
11555,25.26028506464767
11556,25.253301496558795
11557,25.28588038612934
11558,25.389968438713627
11559,25.389386062630635
11560,25.55871058724294
11561,25.72071465884502
11562,25.999052457755237
11563,25.923238189756347
11564,26.27338437906652
11565,26.73294064042707
11566,27.23472672824205
11567,27.464635653276623
11568,28.252487395037456
11569,29.050234230550153
11570,30.010632122579526
11571,30.93354521702442
11572,31.837586118273915
11573,32.61278192106653
11574,33.115124855546796
11575,33.78242873178449
11576,34.349828949186936
11577,34.97051819641884
11578,35.54388372751088
11579,35.96729867764268
11580,36.251411750783404
11581,36.41146714116765
11582,36.66639881702605
11583,36.79598913429308
11584,37.07694891133587
11585,37.41782532824418
11586,37.75419113368028
11587,37.61578171835661
11588,37.6723830681681
11589,37.47570854074276
11590,37.339346159317984
11591,37.14811640279197
11592,36.62674997826089
11593,36.33944335426657
11594,36.346981972596154
11595,36.38915613881884
11596,36.367411456146286
11597,37.10453602979065
11598,37.47551129127076
11599,37.549790548002186
11600,37.150353417152935
11601,36.872110742523624
11602,36.29432900836731
11603,35.65074062628451
11604,34.76471803994709
11605,34.568737570810654
11606,34.93809887303262
11607,34.81827010694274
11608,34.7431500656112
11609,34.82141332222001
11610,34.61342937521068
11611,34.35715227574212
11612,34.10028836690015
11613,34.10421236395965
11614,34.26182176409677
11615,34.10285596537268
11616,33.659276103532264
11617,33.121504989561096
11618,32.622924878811396
11619,32.121436162153145
11620,31.848733231163987
11621,32.06523729695884
11622,32.34609203060118
11623,32.333227215394906
11624,32.08733118681767
11625,31.8700897110322
11626,31.70994944809121
11627,31.604709588266235
11628,31.452011253382828
11629,31.244283674000858
11630,31.19131174199678
11631,31.21657700668666
11632,30.98882731862946
11633,30.647192024830506
11634,30.16064944884114
11635,29.629209210434823
11636,29.074395169421482
11637,28.528876989028657
11638,28.049568493711444
11639,27.781432379843103
11640,27.59451005823936
11641,27.528922158460855
11642,27.548366848406957
11643,27.427748165952515
11644,27.33713919754272
11645,27.344567869937684
11646,27.41852250140254
11647,27.544811603800888
11648,27.447878137142673
11649,27.441462336281656
11650,27.36935022971579
11651,27.34942904219058
11652,27.313687840258574
11653,27.192645769444717
11654,27.15502594632384
11655,27.102790101687123
11656,27.06675154611672
11657,27.005907645779466
11658,26.99015660574242
11659,26.9437195091125
11660,26.912025923289008
11661,26.923031388369633
11662,26.866349109959394
11663,26.791397776878064
11664,27.271912673153878
11665,27.121878765194012
11666,27.237752232898302
11667,27.173401466235816
11668,27.138783276175033
11669,26.94581028350295
11670,26.854875816571006
11671,26.807548045203028
11672,26.820773515676677
11673,26.810578691306333
11674,26.744691975990552
11675,26.626472499735808
11676,26.674616976796194
11677,26.637706613330174
11678,26.52432484771259
11679,26.44925684196502
11680,26.408148523961103
11681,26.411562482705985
11682,26.356337487963195
11683,26.26977476237178
11684,26.042255334764906
11685,26.192142976443392
11686,26.098102472058546
11687,26.102718637896004
11688,25.935012453540086
11689,26.063845604131245
11690,26.081821000441956
11691,26.06633799538324
11692,26.072791122521153
11693,26.02053156923411
11694,25.96194754254137
11695,25.893198431578845
11696,25.906217343961394
11697,25.897109704764645
11698,25.896693348332324
11699,25.896507275360676
11700,25.85550585017765
11701,25.90452398445862
11702,25.791849158327476
11703,26.12675165535039
11704,26.32632271026388
11705,26.487249065951225
11706,26.735845091162407
11707,27.023923935769613
11708,27.5683174600121
11709,28.151800205919443
11710,28.675384378244303
11711,29.295668414335342
11712,30.1271399929344
11713,30.72969742970816
11714,31.266686044943974
11715,32.321788232920014
11716,33.032779414619355
11717,33.46283652053299
11718,33.848208674007886
11719,33.899028985967924
11720,34.22427190866054
11721,34.68540824300968
11722,34.98281046406231
11723,35.28667824495796
11724,35.74278493344942
11725,36.19791006957405
11726,36.76689301548825
11727,36.84755874113956
11728,36.90274161389026
11729,37.13820117296953
11730,37.504611694608556
11731,37.78258483243942
11732,37.697654353473524
11733,38.02278187730823
11734,38.34541743524299
11735,38.52905578847976
11736,38.84255951850019
11737,39.01008843745815
11738,39.123729696172546
11739,39.23264408066778
11740,39.38646109034955
11741,39.25005300682138
11742,39.26671536444446
11743,39.212317498561305
11744,38.99303743473849
11745,38.651016972204644
11746,38.491983399464026
11747,38.17889676761975
11748,37.54932357517411
11749,36.98049220179038
11750,36.30292562535702
11751,36.323416528746705
11752,36.57110941365051
11753,36.60060901310493
11754,36.07650604385449
11755,35.79959098553681
11756,35.576681551944915
11757,35.565779890700725
11758,35.3185947583455
11759,35.20874083916636
11760,35.02211347066602
11761,34.84621201458433
11762,34.688031143560686
11763,34.25422765687284
11764,34.16145486751185
11765,34.0351157054559
11766,33.871876826795265
11767,33.78382228273832
11768,33.57652339471461
11769,33.34375211766807
11770,32.98701630935079
11771,32.64407927167236
11772,32.285322881001626
11773,31.950916849199885
11774,31.679655092867485
11775,31.399161411915358
11776,31.099997198376464
11777,30.77933797266155
11778,30.324335303344398
11779,29.833046493687664
11780,29.271829019209427
11781,28.824893468381646
11782,28.53512198443332
11783,28.336149840889526
11784,28.161025938329626
11785,28.043878126854764
11786,27.946861040838705
11787,27.827068749758062
11788,27.74240078618514
11789,27.679673210104454
11790,27.62561416633235
11791,27.506092088228115
11792,27.45179600645425
11793,27.34549093328646
11794,27.302248009031494
11795,27.246885596454025
11796,27.192261833627967
11797,27.112436562276166
11798,27.160295934946788
11799,27.157538014087564
11800,27.215448193987527
11801,27.253854934569304
11802,27.28719460671391
11803,27.296395422812747
11804,27.263878559390726
11805,27.263531604034625
11806,27.27171645745156
11807,27.232666849233567
11808,27.943075450669497
11809,27.86128330084798
11810,27.752054882989277
11811,27.60791333862676
11812,27.56542046688397
11813,27.528117689339265
11814,27.492978045881465
11815,27.447806027646536
11816,27.454344994777433
11817,27.419220583912992
11818,27.447743792046424
11819,27.378456032104054
11820,27.399844826705376
11821,27.360940717591014
11822,27.358733575048504
11823,27.279772774110516
11824,27.25040545904699
11825,27.2178345477214
11826,27.136916664760506
11827,27.15610998371109
11828,27.169766547472594
11829,27.15338972792181
11830,27.139474096475336
11831,27.14731156728885
11832,27.174620965399846
11833,27.168999404608414
11834,27.04716950041398
11835,27.02443625436792
11836,26.869582348425627
11837,26.834097762091513
11838,26.963214193386513
11839,26.80598814666612
11840,26.795080349274393
11841,26.808102612516393
11842,26.571398678885107
11843,26.76905094115335
11844,26.820771233914392
11845,26.858336421760995
11846,27.010608321224097
11847,27.422696668508973
11848,27.55754691728146
11849,27.726212909463904
11850,27.887251528781224
11851,28.032978028142665
11852,28.137374358866506
11853,28.312096126652577
11854,28.491269137196426
11855,28.617474765062106
11856,28.764479973073904
11857,29.01008942313799
11858,29.251558087202646
11859,30.059024604746014
11860,30.86866212913558
11861,31.4344900521056
11862,31.764146641325553
11863,32.21516041535761
11864,32.701020563879766
11865,33.33603868404806
11866,33.538300544161
11867,33.84074565549452
11868,34.53485647706334
11869,35.14782051977292
11870,35.95426777599904
11871,36.49058267641706
11872,37.00767637983362
11873,37.32731749023437
11874,37.50422212973491
11875,37.62609497779714
11876,37.83780330339132
11877,38.01263986954186
11878,37.7777932806394
11879,37.66664193923295
11880,37.994571362369776
11881,38.38094157160191
11882,38.793887102533944
11883,38.915743310850374
11884,38.962091271476105
11885,38.8519643250068
11886,38.8911742850043
11887,38.82213421409385
11888,38.4727856053721
11889,37.92582921891479
11890,37.18126165585979
11891,36.72205799524996
11892,36.225209989722984
11893,35.77373492987141
11894,35.43965795513197
11895,35.29619268020643
11896,35.375362375683565
11897,35.150692018448915
11898,34.72008665559126
11899,34.64389536657573
11900,34.58225899101727
11901,34.238125493353564
11902,33.884535344870024
11903,33.834300795894585
11904,33.53997175923489
11905,32.86548880921508
11906,32.35101917768841
11907,32.032662744957754
11908,31.899278606945114
11909,31.66065248038505
11910,31.356575033080453
11911,30.956893463454044
11912,30.609224364308147
11913,30.235819935848944
11914,30.03848454281204
11915,29.899609493898012
11916,29.696663834791302
11917,29.5381343569665
11918,29.425472397408754
11919,29.267645605654916
11920,29.06052351272729
11921,28.867282281156314
11922,28.658546398798094
11923,28.54276871261492
11924,28.40017939897309
11925,28.321487853161717
11926,28.21447028687556
11927,28.16507515423227
11928,28.132488618215056
11929,28.0997329331654
11930,28.07449808330152
11931,28.060107407739494
11932,28.002350319264547
11933,27.934497587723556
11934,27.840675770942305
11935,27.67349815361945
11936,27.484955709985446
11937,27.415779917519615
11938,27.225132984813783
11939,27.01888555246558
11940,26.86144732020727
11941,26.785328975796773
11942,26.667150559772125
11943,26.59511034851336
11944,26.519908864208354
11945,26.40915304105424
11946,26.344798312863837
11947,26.231583880915803
11948,26.18289687095031
11949,26.157295477816607
11950,26.176941209047477
11951,26.19802593576618
11952,26.83192848320442
11953,26.871809693591466
11954,26.893468045890167
11955,26.952403284218157
11956,27.0053174310711
11957,27.03444373219183
11958,27.053142205225086
11959,27.029073013403163
11960,27.02137677680718
11961,27.005131576776787
11962,27.00312133599833
11963,26.99160367115647
11964,27.023381707464342
11965,27.115200649951344
11966,27.198406490205844
11967,27.210794597124142
11968,27.28121668550598
11969,27.316996391924953
11970,27.32012844595355
11971,27.53133082073203
11972,27.597372729694015
11973,27.607036965031174
11974,27.65914686074072
11975,27.708149097205162
11976,27.562866531970116
11977,27.45421448281165
11978,27.394060616864813
11979,27.37409547671191
11980,27.438640289481814
11981,27.287080179425857
11982,27.153120067352496
11983,27.284031987629117
11984,27.31757408859677
11985,27.283562718818054
11986,27.222688381913635
11987,27.242251769262182
11988,27.218185978740117
11989,27.118372396799842
11990,27.079700415042343
11991,26.98917087394682
11992,26.985997353927083
11993,26.82016489085079
11994,26.794804354991
11995,26.8182975907678
11996,26.86654600242647
11997,26.892780597810876
11998,26.808735317493905
11999,26.83741756176227
12000,26.900359979700116
12001,26.949265161347558
12002,27.111840874686386
12003,27.412509220505356
12004,27.80564860003699
12005,28.274076960064516
12006,28.572506198406703
12007,28.875498243045293
12008,29.126895980948735
12009,29.335057808131868
12010,29.842270608719048
12011,30.097856556739984
12012,29.952090076207153
12013,29.91979808879435
12014,30.288598261153734
12015,30.788097560954785
12016,31.000421292463695
12017,30.785677682442127
12018,30.52418639770056
12019,30.547522613311646
12020,30.62473731410782
12021,30.704359686547168
12022,31.112358299251643
12023,31.853963614986473
12024,32.27856222640975
12025,32.32520259483413
12026,32.32255581979665
12027,32.4521443305492
12028,32.68296872158933
12029,33.08209170070889
12030,33.25538734661068
12031,33.806738666628824
12032,34.75853172815617
12033,35.289625566884915
12034,35.330970441563174
12035,35.170101842117774
12036,34.8582179926687
12037,34.602405481118126
12038,33.97952630603521
12039,33.362619672937456
12040,32.97847248532601
12041,32.41657047328876
12042,32.31588015635762
12043,32.019176203359066
12044,31.81402717500941
12045,31.786737695960362
12046,31.7329788641951
12047,31.5537124818929
12048,31.189557608728293
12049,30.58425118414634
12050,30.213921163274136
12051,29.99504499193558
12052,29.900995713782603
12053,29.666088884741946
12054,29.48636042785595
12055,29.543223982812787
12056,29.72086614512928
12057,29.801002377748205
12058,29.641144365541326
12059,29.487688372511062
12060,29.309147267261494
12061,29.21401996718499
12062,29.15518988547593
12063,28.994492285014502
12064,28.627927143664802
12065,28.41364660149973
12066,28.196981358919235
12067,27.99287626904553
12068,27.867380480279095
12069,27.68775477906834
12070,27.503923019934525
12071,27.40335645007205
12072,27.29171004148731
12073,27.17263458540316
12074,27.13704547630196
12075,27.05591472509311
12076,27.015632040899213
12077,26.915635456298126
12078,26.892363939132117
12079,26.88274853878383
12080,26.915863013714105
12081,26.85009748053395
12082,26.890229066413696
12083,26.87011394466102
12084,26.83028873548929
12085,26.83616796269065
12086,26.8132432756321
12087,26.817837364480688
12088,26.8121667613364
12089,26.791615409941205
12090,26.78948066006545
12091,26.784389413715413
12092,26.750347341642506
12093,26.74296055471767
12094,26.74732921713299
12095,26.763358991668234
12096,27.337712616249192
12097,27.3556541945705
12098,27.25350398178671
12099,27.132154177422432
12100,27.055987999657752
12101,26.998702648880393
12102,26.996515437943593
12103,26.927559319728807
12104,26.913265951356305
12105,26.922180729612087
12106,26.892336005470618
12107,26.888868426293463
12108,26.857205542942427
12109,26.819945135889583
12110,26.710975560894855
12111,26.70864536830143
12112,26.65580317513217
12113,26.635430973572625
12114,26.683911687014753
12115,26.581315130759847
12116,26.448130621979445
12117,26.27522420158286
12118,26.16074224923406
12119,26.10061816757002
12120,25.94871403377187
12121,25.833582166634976
12122,25.782806714560902
12123,25.665705272230095
12124,25.616987152516153
12125,25.54527153907037
12126,25.40645301791504
12127,25.407221433363866
12128,25.257564988317746
12129,25.300114252145057
12130,25.208344088175192
12131,25.239446863578266
12132,25.31521600230279
12133,25.427247681685262
12134,25.5191292981415
12135,25.6731961359106
12136,25.836368010894397
12137,26.41625251575391
12138,26.891514060498718
12139,27.526322639966626
12140,28.048219774651038
12141,28.687997587967143
12142,29.148701876006694
12143,29.918975593000713
12144,30.41520296087012
12145,31.2969406583562
12146,32.221901003129524
12147,32.94083956678625
12148,33.185833975000506
12149,33.45617013190544
12150,33.70881592151932
12151,34.0254354589743
12152,34.51669546332583
12153,34.82645552857918
12154,35.30326939616263
12155,35.65240106670244
12156,35.95461753541324
12157,36.32985643842284
12158,36.81452952845614
12159,37.16173389535969
12160,37.65718971802808
12161,37.61240791914689
12162,36.8512715049143
12163,36.0302832635182
12164,35.710328444346956
12165,35.46921692249485
12166,35.19849016553255
12167,35.94457014560621
12168,36.783600157906974
12169,37.510470334668256
12170,37.691137782094096
12171,37.21095060054138
12172,37.13188655899753
12173,36.884913852572154
12174,36.574289932763946
12175,36.11790488545785
12176,35.384701600263725
12177,34.75609411857657
12178,34.32088847625712
12179,34.01683424888487
12180,34.18931910676248
12181,34.26201305109657
12182,34.231493676544964
12183,34.36915104883358
12184,34.43840746264058
12185,33.80273170770411
12186,33.08260732240528
12187,32.60074176383253
12188,32.593499513594196
12189,32.599038163153544
12190,32.290699190264796
12191,31.89350564785035
12192,31.674979766824784
12193,31.51266484883167
12194,31.25347166203537
12195,30.882351190559252
12196,30.64771738879676
12197,30.603224177733516
12198,30.55013875405693
12199,30.37363747114169
12200,30.211766831318386
12201,30.15742400664219
12202,30.175308788269533
12203,30.007368418172284
12204,29.817752692228737
12205,29.71478929856881
12206,29.654133778534828
12207,29.602893415845234
12208,29.509646006045006
12209,29.253975641434533
12210,29.088571138546268
12211,28.971979879028385
12212,28.709137471560812
12213,28.550122642890887
12214,28.353645934481243
12215,28.31639111395681
12216,28.29231130752345
12217,28.257690129867957
12218,28.217520670795523
12219,27.983310780269065
12220,27.97880505981204
12221,27.96126930555344
12222,27.876145152640674
12223,27.764333393193873
12224,27.621817980314475
12225,27.61508736321725
12226,27.401126689297467
12227,27.208163442545267
12228,27.137997692798873
12229,27.055088017022037
12230,26.9322276786769
12231,26.849329565016298
12232,26.780534085838195
12233,26.81509668255589
12234,26.83393069184653
12235,26.88765306580332
12236,26.95874277136212
12237,26.993724025294036
12238,26.941684088165292
12239,26.957481200319798
12240,27.462416377820308
12241,27.45213740317638
12242,27.39375847329461
12243,27.364418652344177
12244,27.354377169399946
12245,27.356736205149048
12246,27.322236117081463
12247,27.26615607503298
12248,27.260920188954586
12249,27.227733803312123
12250,27.212359178863323
12251,27.197579322818804
12252,27.203804808225662
12253,27.079115557673504
12254,27.030506646445986
12255,27.001382612014936
12256,26.790920292579894
12257,26.792524705655683
12258,26.902430945464747
12259,26.818605227300544
12260,26.670683929415183
12261,26.53931871641128
12262,26.493449687706292
12263,26.5496825387583
12264,26.423313709370245
12265,26.426981642245032
12266,26.3122627307962
12267,26.297667931693265
12268,26.28043479971013
12269,26.143197947411952
12270,26.240359889757197
12271,26.157455003895432
12272,26.166174405398316
12273,26.16619366123159
12274,26.186909150807594
12275,26.147935804906353
12276,26.067904506765057
12277,26.21915358144343
12278,26.285407362762964
12279,26.42254332638188
12280,26.618695592882837
12281,26.997381089923955
12282,27.411917823685986
12283,27.82697251476394
12284,28.092981811629887
12285,28.30432057486573
12286,28.494674170348702
12287,28.7052428091742
12288,28.95430861236808
12289,29.347923943361838
12290,29.684435981773227
12291,29.983102546606876
12292,30.244143404698548
12293,30.615526298857812
12294,30.94716515075305
12295,31.392794670126953
12296,31.689926222533195
12297,32.02876479904476
12298,32.216149530242944
12299,32.73058254907803
12300,33.15825911840932
12301,34.213297028354354
12302,34.70544721960994
12303,35.21027000033169
12304,35.6458171581921
12305,35.577095146781
12306,35.83576307607785
12307,36.491780418728425
12308,37.01150856066445
12309,37.32050598571594
12310,37.0561087774135
12311,36.5111326419289
12312,36.02585244175239
12313,35.69316936517832
12314,35.58095134618523
12315,35.25188488334334
12316,35.57270499146776
12317,35.87258510769265
12318,36.04187601674732
12319,36.61314739736868
12320,36.81823399809314
12321,36.924931081693245
12322,37.53764871731391
12323,37.86700644336801
12324,37.700000015936794
12325,37.47633960761002
12326,36.84716608775353
12327,35.94954197537907
12328,35.47300212744674
12329,35.3798410904462
12330,34.97877362795436
12331,34.62879447348869
12332,34.52614985454791
12333,34.29951940507031
12334,34.34941075894449
12335,34.37695204128598
12336,34.09745937226518
12337,33.78644066805961
12338,33.65410661672674
12339,33.416560657672434
12340,33.50480638150843
12341,33.35592154339207
12342,32.82987793321129
12343,32.300623573493866
12344,31.913748191692054
12345,31.70618064759219
12346,31.463180649018227
12347,31.304507946954086
12348,31.185588627690766
12349,30.8989237443997
12350,30.518876500866725
12351,30.04857817077518
12352,29.778091501322617
12353,29.533181114199735
12354,29.321914640903586
12355,29.13681346351041
12356,28.7750514360757
12357,28.547229184662154
12358,28.350523734579053
12359,28.23621796158114
12360,28.11513713918449
12361,28.124103384498046
12362,28.059047130172406
12363,27.96305756527628
12364,27.84137694582716
12365,27.89051061176101
12366,27.858664081917006
12367,27.72442281972202
12368,27.616835253676516
12369,27.55688561985739
12370,27.614462602144464
12371,27.723823765632357
12372,27.758220027547136
12373,27.823846139285223
12374,27.860565166867428
12375,27.890422334437
12376,27.930458422301452
12377,27.92068496224622
12378,27.92332259900636
12379,27.933774346251347
12380,27.831526144628057
12381,27.76494984632515
12382,27.863253836268733
12383,27.95978667114209
12384,28.711262787284646
12385,28.6582170260761
12386,28.426321396312836
12387,28.333867197314984
12388,28.20905496199976
12389,27.94197474873929
12390,27.750589587205667
12391,27.741126954315906
12392,27.733504085818147
12393,27.5510611881291
12394,27.35917109392089
12395,27.475031521056657
12396,27.395408366293378
12397,27.276538847233905
12398,27.162525552720968
12399,27.18025904392997
12400,27.116945545204455
12401,27.099217552527794
12402,27.06515993175518
12403,26.996516940318408
12404,26.940600173587455
12405,26.845196970962952
12406,26.731486927907817
12407,26.6890778910024
12408,26.55390089481765
12409,26.503831900332358
12410,26.48281351620339
12411,26.44819272310111
12412,26.403047165678174
12413,26.344010451401726
12414,26.250352176997303
12415,26.182483402568586
12416,26.109421645839653
12417,26.007014582046743
12418,25.809367311345145
12419,25.64945906828929
12420,25.716573234101105
12421,25.723568804119022
12422,25.626627935656845
12423,25.563316099589322
12424,25.545522682152317
12425,25.484604219979754
12426,25.457449902292787
12427,25.322087934682894
12428,25.349478419601287
12429,25.58149151833512
12430,25.60670382115295
12431,25.693246758372936
12432,25.81891336868763
12433,25.888757169856163
12434,26.006412181975225
12435,26.26009195597461
12436,26.46931776067107
12437,26.64051989923874
12438,26.831582835008764
12439,27.03712903251745
12440,27.251884233080396
12441,27.61632522653674
12442,27.866067993931082
12443,28.209420881695245
12444,28.535110315927177
12445,28.701976828295923
12446,28.679016600820276
12447,28.772218036817147
12448,29.03884155883398
12449,29.11803308729927
12450,28.94921614049285
12451,28.788132468457352
12452,28.498861246113666
12453,28.46738761449211
12454,28.240877937562466
12455,28.347886923641752
12456,28.41480917436292
12457,28.46449454361925
12458,28.553990695459085
12459,28.990292674581077
12460,29.748539880124294
12461,30.32052318250602
12462,30.32599169096093
12463,30.14635010984451
12464,29.999804765156718
12465,30.053691142747425
12466,30.159705831330808
12467,30.08117984285488
12468,29.694617516805323
12469,29.31294338441059
12470,29.003773896750815
12471,28.72981584044288
12472,28.466359316762315
12473,28.274049790790833
12474,28.040801114830035
12475,27.892369010275605
12476,27.82095795394863
12477,27.68307784196533
12478,27.618198442258674
12479,27.61636739469136
12480,27.61968345097618
12481,27.589479730456716
12482,27.582788989581754
12483,27.597240384570426
12484,27.66260513274318
12485,27.76667668041822
12486,27.960832242605317
12487,28.044873775596905
12488,28.22850905738374
12489,28.229836790260098
12490,28.03913919577436
12491,27.79174082274869
12492,27.516898209057764
12493,27.320703560113927
12494,27.090207373453232
12495,26.92315297963539
12496,26.689146294187005
12497,26.571498973375068
12498,26.47356026184017
12499,26.351129295877143
12500,26.22676031683458
12501,26.109612225829103
12502,26.01057088528393
12503,25.929304875869203
12504,25.870315231049425
12505,25.761814880961094
12506,25.635012004188365
12507,25.57332357714425
12508,25.531512840345748
12509,25.470684896856675
12510,25.387800973453487
12511,25.219598758503032
12512,25.091256325959257
12513,25.05519149434662
12514,24.992507632883147
12515,24.94698578947189
12516,24.902655965814503
12517,24.746693464433275
12518,24.922783471329815
12519,24.767606490528095
12520,24.762906848821668
12521,24.76460832986419
12522,24.908544565821813
12523,25.004935250258832
12524,24.79375648257171
12525,24.80128851353347
12526,24.7903989882353
12527,24.719635259468152
12528,25.14295017687106
12529,25.171540861756505
12530,25.148220502345108
12531,25.149448755912243
12532,25.150202472363354
12533,25.149532565478793
12534,25.150588543132123
12535,25.164672961437738
12536,25.184535111776
12537,25.19926453362257
12538,25.202848434264123
12539,25.27318494346405
12540,25.292975941150814
12541,25.28144801298221
12542,25.339735369310958
12543,25.357448886495924
12544,25.411242017820346
12545,25.481578749962477
12546,25.468984158595106
12547,25.49096372135458
12548,25.511528467376635
12549,25.516025412075173
12550,25.514498515630887
12551,25.530565718222878
12552,25.564001977105463
12553,25.545394889037926
12554,25.624144065579827
12555,25.649021448939603
12556,25.596688230764258
12557,25.531286905933342
12558,25.578357094707222
12559,25.580456541654307
12560,25.641072664713235
12561,25.605218366824552
12562,25.55322943375747
12563,25.539633396970654
12564,25.59474455305091
12565,25.52733070241445
12566,25.494127521878884
12567,25.610019014243775
12568,25.682301522513253
12569,25.81802654641689
12570,25.89408806642412
12571,25.933216758827403
12572,25.943694689899353
12573,25.993998570058
12574,25.95985293531852
12575,25.97462835470286
12576,26.01332321513192
12577,26.25735573687776
12578,26.47304149376101
12579,26.594050429337422
12580,26.975097478680865
12581,27.0945126942253
12582,27.255534156095326
12583,27.284488841366656
12584,27.479963242140016
12585,27.77923768407611
12586,28.267989674423607
12587,28.90600337293132
12588,30.075180797412607
12589,31.461373712346735
12590,32.63121303453966
12591,33.195612406650255
12592,33.84039466849768
12593,34.286837091610224
12594,34.54048196199837
12595,34.44913634949115
12596,33.98200278659678
12597,33.471125412483296
12598,33.576959771971325
12599,34.192465139093365
12600,34.556384261690965
12601,34.34348125073672
12602,33.98713157965008
12603,33.564947134877094
12604,33.22437573806057
12605,33.557001124074496
12606,34.13841583320212
12607,34.18001234547047
12608,34.04554034979647
12609,34.76568941548284
12610,35.70701199545226
12611,35.89192871225001
12612,36.1196500868259
12613,36.178508418395445
12614,35.86591983934677
12615,35.15457688032283
12616,34.659115842257265
12617,33.89389343130086
12618,33.34777615199353
12619,33.091789092404824
12620,33.17135710103142
12621,33.283380805368026
12622,33.573342824483206
12623,33.86728947547959
12624,33.6533137623618
12625,33.84254707019096
12626,33.65906350290903
12627,33.373304371412026
12628,33.25207557925414
12629,33.09353583764879
12630,33.051919389733705
12631,32.7482142822516
12632,32.423752504230414
12633,32.05303299836182
12634,31.73663393440567
12635,31.094452744417158
12636,30.383368461713207
12637,29.947871461654394
12638,29.523713356864555
12639,29.115204554989713
12640,28.7241611105157
12641,28.342045071122975
12642,27.92245994868066
12643,27.56166514660797
12644,27.262695829143624
12645,26.986474010355824
12646,26.827274940436773
12647,26.757378187481326
12648,26.613657915783346
12649,26.519836662853344
12650,26.389022591814843
12651,26.196655050182503
12652,25.932909011020712
12653,25.58345363255603
12654,25.423498322294552
12655,25.255060154366905
12656,25.27048383242494
12657,25.238936356154756
12658,25.02950938806599
12659,24.95649699227863
12660,24.912329700611878
12661,24.87620058525827
12662,24.538558703247688
12663,24.456532676401324
12664,24.327513645640877
12665,24.216922162062513
12666,24.126919150807865
12667,24.13636547391638
12668,24.238348561466335
12669,24.210787042131276
12670,24.155284952590677
12671,24.064613522480254
12672,24.429217917193718
12673,24.414350655341906
12674,24.419315565362307
12675,24.455675431500964
12676,24.471797954990976
12677,24.434619181522976
12678,24.417316366648983
12679,24.32161971826751
12680,24.421040879068567
12681,24.406882573740308
12682,24.425509338928034
12683,24.321405731992144
12684,24.355444824560063
12685,24.242424173486935
12686,24.24630736545696
12687,24.304362180707823
12688,24.444553815629092
12689,24.329994484362423
12690,24.302749066733163
12691,24.358045317619553
12692,24.40106252321362
12693,24.515389277838267
12694,24.513841179944816
12695,24.37602397397516
12696,24.281861778387103
12697,24.188326252387412
12698,24.13487253807138
12699,24.138579130345256
12700,24.19669630504801
12701,24.17595220583033
12702,24.19257644533178
12703,24.201460167110667
12704,24.170046974911426
12705,24.108484702705255
12706,24.092091598041957
12707,24.135247318437628
12708,24.109751887956563
12709,24.16895299443045
12710,24.329366450681412
12711,24.47185528773282
12712,24.750227637117344
12713,24.92209254680676
12714,25.17147731176121
12715,25.45990187944078
12716,25.8994498433044
12717,26.516894991858926
12718,26.914632704206934
12719,27.445174773854536
12720,27.93172770869031
12721,28.65666519826049
12722,29.454782163257537
12723,30.36178332967191
12724,31.393077703905476
12725,32.121056664518015
12726,32.78199978915376
12727,33.2892931639959
12728,33.299073308952444
12729,33.055458056669025
12730,33.3749375041247
12731,33.91438069118132
12732,34.88105698187596
12733,35.56712596427869
12734,36.143489663071456
12735,36.359995421353325
12736,36.71062038849625
12737,36.64081959491608
12738,36.54609262226482
12739,36.10567300052647
12740,35.46146443126924
12741,34.87559776657187
12742,34.40420042175741
12743,34.4054096557651
12744,35.28995644219988
12745,35.88569850370833
12746,36.58803111262953
12747,36.59585484901777
12748,36.44032491774452
12749,36.00595453171897
12750,35.65501375268415
12751,34.99688538895422
12752,34.78008837881856
12753,34.425854565912104
12754,34.05453907492303
12755,33.95022289462216
12756,33.94007778613998
12757,34.26351745174162
12758,34.21683896899907
12759,33.77423130152961
12760,33.56947213872316
12761,33.527256030459846
12762,33.46496767659196
12763,33.07282318892908
12764,32.84568581487305
12765,32.36307650714423
12766,32.09991821128773
12767,32.06574513849755
12768,31.719478552382906
12769,31.511593770066057
12770,31.799867467733936
12771,31.250377036841993
12772,31.324085202165524
12773,30.48531460799631
12774,29.795592079055666
12775,29.307272955448063
12776,29.074862826220475
12777,28.35327611458133
12778,27.928118562385507
12779,27.733944589972342
12780,27.53131947113058
12781,27.1935374697197
12782,27.0665422309303
12783,27.008130608039608
12784,26.991982259930086
12785,27.048597134952786
12786,26.904594952287503
12787,26.658079771320455
12788,26.410378938371778
12789,25.969863464411574
12790,25.59559468537889
12791,25.311997543343917
12792,25.08283582958495
12793,24.863501712460746
12794,24.694474442382514
12795,24.658399884637806
12796,24.423824022699822
12797,24.375110086206583
12798,24.366778327044237
12799,24.26655724995561
12800,24.20403173018585
12801,24.184462596190365
12802,24.03134221291967
12803,23.99301231420383
12804,23.848227772874143
12805,23.78659969813902
12806,23.760199820375327
12807,23.715268007906424
12808,23.733596506187308
12809,23.7276493199066
12810,23.662043373025583
12811,23.43622099376589
12812,23.373599852866004
12813,23.409434028072987
12814,23.179669720614022
12815,23.045740137399502
12816,23.279912627618714
12817,23.212406071533167
12818,23.1379908739081
12819,22.992336468665574
12820,22.9922999571608
12821,22.89389941577993
12822,22.798175553419682
12823,22.611027711361935
12824,22.50492662744275
12825,22.356911747356303
12826,22.236230143069875
12827,22.154389229010444
12828,22.03849933908936
12829,21.794483042268425
12830,21.779867393811706
12831,21.651913735758104
12832,21.52580513965871
12833,21.50970260292509
12834,21.498186858515695
12835,21.501971810791105
12836,21.356618593438533
12837,21.282233843751442
12838,21.28315653634478
12839,21.196569129824127
12840,21.09541261127215
12841,21.078822882465467
12842,20.968509286876163
12843,20.89550741411214
12844,20.818270760432462
12845,20.677792537149543
12846,20.598398004861377
12847,20.544865765847128
12848,20.487666174234583
12849,20.44853037220417
12850,20.388648078749217
12851,20.39305942853627
12852,20.505005943607635
12853,20.552504653401257
12854,20.661043667511283
12855,20.711623247974096
12856,20.846905316043905
12857,21.007790698803625
12858,21.088705333492776
12859,21.30038132540466
12860,21.652106051576354
12861,21.980991047385622
12862,22.201590411150455
12863,22.522930258614707
12864,23.132502687376018
12865,24.050503967257043
12866,24.9647525285922
12867,25.888520820581903
12868,26.512944408210515
12869,27.383638737460046
12870,28.17636061894544
12871,28.90695895227565
12872,29.431507373238798
12873,30.197921116871736
12874,31.09320041642148
12875,31.431994099795865
12876,32.251748483800526
12877,32.86208947176449
12878,33.596816374662275
12879,34.7117093095444
12880,35.120824475589785
12881,35.80624261655706
12882,37.06559356257942
12883,37.76041261811195
12884,38.125198253547865
12885,38.271909187479594
12886,38.376216173265874
12887,38.3405102972218
12888,38.035061555616416
12889,37.97573369858177
12890,37.85739845294013
12891,37.63077397652425
12892,37.59658243235908
12893,37.61944189960048
12894,37.79194254473152
12895,37.79716151455952
12896,37.73438171392823
12897,37.48675456084176
12898,37.52913331931181
12899,37.434861311955
12900,37.16154960910646
12901,37.03890447140043
12902,36.657550535110175
12903,36.159752522188
12904,35.81895093772063
12905,35.70921338990948
12906,35.28168893608469
12907,34.98662841993367
12908,34.630585075951394
12909,34.41341019976279
12910,34.421654532155586
12911,34.3158673024262
12912,34.14438526103038
12913,33.86313223910341
12914,33.622450350620696
12915,33.20516815454105
12916,33.075083480694005
12917,32.90479299687517
12918,32.59690805853868
12919,32.399339974740215
12920,32.22028910250036
12921,31.99238809752763
12922,31.676737570883503
12923,31.130947997848153
12924,30.681773990500126
12925,30.107782523810116
12926,29.5191079183949
12927,28.936832864189196
12928,28.466012419257144
12929,28.07452232808964
12930,27.598199310523427
12931,27.04166049745942
12932,26.545846892999776
12933,26.23198186219004
12934,26.106041391393962
12935,25.932165892682637
12936,25.52808488935299
12937,25.067402483901844
12938,24.86859057699782
12939,24.65627936283633
12940,24.59460070689702
12941,24.290850358465377
12942,24.066491309796998
12943,24.067818920678647
12944,23.823684907381356
12945,23.764127915705465
12946,23.553307748385997
12947,23.336856463069772
12948,23.334420361762543
12949,23.190770026265906
12950,23.11703010735761
12951,23.01118074169358
12952,22.901271620986456
12953,22.796774218434024
12954,22.71398950732324
12955,22.69202365832447
12956,22.619619992292755
12957,22.55035539237424
12958,22.458904584438947
12959,22.453273689077758
12960,22.28313634421246
12961,22.14201886619931
12962,22.068066177139542
12963,22.013705678820052
12964,21.80305638191847
12965,21.81429023508077
12966,21.811791603494548
12967,21.763227357532827
12968,21.82698642631328
12969,21.955668076201874
12970,21.653679062336895
12971,21.649401035984177
12972,21.62628857658718
12973,21.58071186711592
12974,21.464290460232625
12975,21.547985468655884
12976,21.535116604345852
12977,21.38569911717122
12978,21.320747513703406
12979,21.385385388801176
12980,21.320326996958233
12981,21.366414629414304
12982,21.28175315078454
12983,21.198027876943037
12984,21.30296486039247
12985,21.37178936161794
12986,21.34128495553257
12987,21.252815443391192
12988,21.19065796398128
12989,21.106512003695634
12990,21.07226332341987
12991,20.958260711642428
12992,20.896493321409174
12993,20.80731155830977
12994,20.678341524606584
12995,20.71129089926983
12996,20.61224187785985
12997,20.706218109396517
12998,20.777503616477926
12999,21.01839028868209
13000,21.187652255628088
13001,21.581929850663315
13002,22.07518507615442
13003,22.566109450223134
13004,23.233963824577522
13005,23.937336050306016
13006,24.71809970418291
13007,25.481831266795744
13008,26.176112687043155
13009,27.054306188939123
13010,27.662879074212
13011,28.00231829136357
13012,28.276872452827895
13013,28.931235145375474
13014,29.954973238422046
13015,30.868246141916543
13016,31.433538176766213
13017,32.071593876734
13018,32.7229415162186
13019,33.37518505931331
13020,34.04234018498787
13021,35.119338290461684
13022,35.75275095986326
13023,36.28378466489589
13024,36.68701103690467
13025,36.993918139268445
13026,37.09013137550008
13027,37.06393772508648
13028,36.91254749012211
13029,37.09074397018782
13030,37.30294633131542
13031,37.48512024337671
13032,37.60728156978605
13033,37.927918533448505
13034,37.80627891431351
13035,37.67075614173899
13036,37.89791652870714
13037,37.66611471213021
13038,37.51134137280321
13039,37.56911510584308
13040,37.456836006889304
13041,37.50809407630096
13042,37.209154919760195
13043,36.9568771124287
13044,36.93028498211922
13045,37.15493053436469
13046,36.93006197417597
13047,35.968568692593614
13048,35.62586965738838
13049,35.8426322037155
13050,35.44319098227617
13051,34.96350017895846
13052,34.823018922610295
13053,34.898618124246966
13054,34.956592949474135
13055,34.41116049626788
13056,33.995687677783835
13057,33.77844560614622
13058,33.62378524726323
13059,33.31504700795463
13060,32.92400208365823
13061,32.538073716302094
13062,32.10972110076744
13063,32.025152492264986
13064,32.03003051746482
13065,31.823628086511594
13066,31.33033602652792
13067,30.728944975812492
13068,30.247874537673262
13069,29.685698721639163
13070,29.209923835427524
13071,28.75863110321082
13072,28.378175446373255
13073,27.971212168129327
13074,27.645912604627636
13075,27.35363951388796
13076,27.133815686841025
13077,27.010164037477036
13078,26.776396083924688
13079,26.561534802408627
13080,26.475386155404223
13081,26.345628367939657
13082,26.12205699729869
13083,26.06700176122089
13084,26.112306235912314
13085,25.97788439630176
13086,25.81151156256873
13087,25.66079522527424
13088,25.37729950950218
13089,25.290235287847075
13090,25.302279670757127
13091,25.266813444640167
13092,24.918333322085783
13093,24.855189723760063
13094,24.605452289940352
13095,24.53313318370282
13096,24.545703088759183
13097,24.744140145573876
13098,24.534711546842217
13099,24.439185538740286
13100,24.65923802575658
13101,24.576741157811586
13102,24.503890669294194
13103,24.380468560537334
13104,24.808345327142717
13105,24.65381177116488
13106,24.512599475212035
13107,24.435203121318423
13108,24.45079518896651
13109,24.547979596599056
13110,24.54196675822409
13111,24.47032235136132
13112,24.353295797004304
13113,24.252744641105323
13114,24.16167782627246
13115,24.152324197914034
13116,24.075579026235864
13117,23.9662015369707
13118,23.915073653731046
13119,23.980712984873115
13120,23.926068327218346
13121,23.932199181503158
13122,23.97795715051369
13123,23.939371691922332
13124,24.05114282423314
13125,24.053681332054246
13126,23.9313999937553
13127,23.89461509869925
13128,24.038890630900447
13129,23.983423848059914
13130,23.94040000819949
13131,23.82194070856216
13132,23.64689635039238
13133,23.63658759565031
13134,23.68136357250779
13135,23.596825419432182
13136,23.595672951744785
13137,23.43055582286657
13138,23.327986700027786
13139,23.38602730002995
13140,23.329739906436636
13141,23.35009127202222
13142,23.357834340478657
13143,23.441397047825014
13144,23.549877617279254
13145,23.75468138630683
13146,23.895824788861354
13147,24.219288575812065
13148,24.829199574875574
13149,25.324289350963518
13150,25.97392244297735
13151,26.821702078664735
13152,27.69398873414199
13153,28.30682328116572
13154,29.59765564662985
13155,30.64657871662192
13156,31.808934035473815
13157,32.45072177917247
13158,32.96544835412893
13159,33.35978591875681
13160,33.8718816759132
13161,34.328182474215865
13162,34.86757787778437
13163,35.40352377437914
13164,35.86822882702086
13165,36.206826232296066
13166,36.537555703317736
13167,36.52717503339212
13168,36.715975322957775
13169,36.72470013807859
13170,36.76690875886526
13171,36.58957139794514
13172,36.42527970306041
13173,36.76330430296005
13174,37.003738903885186
13175,37.06935422424908
13176,36.97407279061238
13177,36.66921010339424
13178,36.38994948773862
13179,36.31801197966637
13180,36.93144786631074
13181,37.45741471646865
13182,37.44120538741717
13183,37.697896942583576
13184,37.769773890693244
13185,37.76018472932971
13186,37.582526415928484
13187,37.250831892723454
13188,37.09629568698531
13189,36.77880448149777
13190,35.88868036077897
13191,35.15909755971221
13192,35.01214520181992
13193,34.71846800599254
13194,34.23210531028893
13195,34.469644444007805
13196,34.17349939720484
13197,34.14092614605852
13198,34.00267856191717
13199,33.836863306502615
13200,33.722746878515814
13201,33.535098132518755
13202,33.420499734648786
13203,33.13423200494306
13204,32.921760416996904
13205,32.72785203338505
13206,32.5130761089073
13207,32.05452770048897
13208,31.501146162097957
13209,31.076048255789445
13210,30.725115950756226
13211,30.38832984925365
13212,29.98903820065143
13213,29.6732472785762
13214,29.296441900001607
13215,28.89083503682816
13216,28.52962306248259
13217,28.218418910406832
13218,27.813113810925817
13219,27.56923083455992
13220,27.425370594609028
13221,27.23743206830323
13222,27.118956122603947
13223,27.094761154831307
13224,27.000520039181016
13225,26.875552547353358
13226,26.87805061874183
13227,26.83232249537574
13228,26.831790875273324
13229,26.87788369796719
13230,26.887101167672103
13231,26.918623478626035
13232,26.896199350046665
13233,26.7720669964854
13234,26.54989915621585
13235,26.643756961052514
13236,26.63212090652002
13237,26.503412781785638
13238,26.180142098322747
13239,25.988318038294846
13240,25.709082989276336
13241,25.586767581845578
13242,25.45726503582825
13243,25.350988900220443
13244,25.178613456288243
13245,25.280646210926758
13246,25.5007442079975
13247,25.549281063781134
13248,25.998816237454808
13249,25.764750391496026
13250,25.50694721559912
13251,25.355377832689875
13252,25.105795114991707
13253,24.933685489116478
13254,24.944317539952927
13255,24.84945980747698
13256,24.804256637275458
13257,24.97035912088645
13258,24.849934006422817
13259,24.95319881967074
13260,24.768338081090466
13261,24.833849748155007
13262,24.820976288247422
13263,24.897093366362864
13264,24.838212609299323
13265,24.858055496050497
13266,24.72542592351886
13267,24.796844267038587
13268,24.775033297861544
13269,24.686555778153398
13270,24.65084566050032
13271,24.423728998592985
13272,24.35895840379602
13273,24.18536517171238
13274,23.94416517653629
13275,23.803331302634803
13276,23.674711021527646
13277,23.657214115720265
13278,23.260207855355738
13279,23.358560374686007
13280,23.3390242362598
13281,23.16036779646288
13282,23.14664872688301
13283,23.13611134116563
13284,23.115244275018096
13285,23.14908433285548
13286,23.308876601399763
13287,23.401923586735027
13288,23.62943659772949
13289,23.89213451688946
13290,24.072360799880475
13291,24.225297259156363
13292,24.674994506225847
13293,25.273115172349392
13294,25.46181771316123
13295,25.880879048622305
13296,26.170780723424272
13297,26.47340649640457
13298,26.664327945723873
13299,26.968721242763266
13300,27.341109235976347
13301,27.358300408888887
13302,28.214310384650627
13303,29.077817136188607
13304,29.691838005507304
13305,30.1337346799502
13306,30.83604077944986
13307,31.387438143766122
13308,31.550342168794323
13309,32.12412348784258
13310,32.87193406261247
13311,33.650335964086345
13312,34.776466694048274
13313,35.508790998080734
13314,36.03000366113566
13315,36.23281938704412
13316,36.1814484774056
13317,36.61780733121475
13318,36.78425695301916
13319,36.42541877008899
13320,36.04466378923603
13321,35.816056553871775
13322,35.807830514520475
13323,35.88046720412519
13324,35.799343456567605
13325,35.321051446606674
13326,34.75265363275901
13327,34.4254394785893
13328,34.661213025749646
13329,35.03623206719935
13330,35.34433048021813
13331,36.20916599078936
13332,36.66186229733135
13333,36.50500351673592
13334,35.75683898750014
13335,35.11955239746564
13336,34.911576156727754
13337,34.6926045919352
13338,34.31343284534168
13339,33.81892834276074
13340,33.41324415782172
13341,33.24172285265005
13342,33.32586248109736
13343,33.41778860105149
13344,33.41738889783373
13345,33.38782222823334
13346,32.959764627459876
13347,32.27346815311682
13348,31.92151093544491
13349,31.787072577227306
13350,31.717211705615277
13351,31.334033653016782
13352,30.70691476337652
13353,30.12434851322186
13354,29.835271756501918
13355,29.493046108399696
13356,29.073438191008808
13357,28.664476882038304
13358,28.315920817369616
13359,28.095162513337193
13360,27.425837049582867
13361,26.897067706789272
13362,26.571076173739854
13363,26.477955210685987
13364,26.355982033234557
13365,26.267365804386067
13366,26.150312387452818
13367,26.165173273911808
13368,26.159734220042896
13369,26.029950573277834
13370,26.0868827175784
13371,26.078899766578154
13372,26.078898846747297
13373,25.99839264986394
13374,26.021460522190832
13375,25.927774784347143
13376,25.82205948605008
13377,25.83964091708334
13378,25.70408546116671
13379,25.589704589898698
13380,25.54289446598876
13381,25.58426609215924
13382,25.589252970839205
13383,25.498034134433087
13384,25.558396749301483
13385,25.544184602424856
13386,25.514952662582292
13387,25.515247914132196
13388,25.51817046354312
13389,25.524340732135073
13390,25.54243577057479
13391,25.50550963773959
13392,26.04932188983738
13393,25.93704551497321
13394,25.881161263029387
13395,25.848662457592283
13396,25.80397619086918
13397,25.76340388807803
13398,25.714609228286715
13399,25.640301172055146
13400,25.62199253961901
13401,25.403206593607614
13402,25.44969484185779
13403,25.37013415287613
13404,25.321543251639927
13405,25.34061742782639
13406,25.4448162074099
13407,25.384326011579766
13408,25.376440379963526
13409,25.405407919186445
13410,25.352936490531093
13411,25.290214222129062
13412,25.287523938105593
13413,25.19552128340774
13414,25.208066814677167
13415,25.19208558463791
13416,25.105696583131103
13417,25.020105867166464
13418,24.863187793195994
13419,24.830371038011236
13420,24.83933228368939
13421,24.802064803205486
13422,24.804982116836925
13423,24.782057063018502
13424,24.732896666101368
13425,24.710656987108628
13426,24.680930982121914
13427,24.693235683322314
13428,24.708976636651006
13429,24.71093521986692
13430,24.710141713752233
13431,24.739864377690132
13432,24.703492016091708
13433,24.740333152438733
13434,24.884033041737492
13435,24.884856374412053
13436,25.028047097639003
13437,25.21622141964335
13438,25.43099576905854
13439,25.6052249551231
13440,26.099135900821796
13441,26.78355160091935
13442,27.35744594781686
13443,27.73527555806487
13444,28.050092059426728
13445,28.367340421706075
13446,28.93286304359722
13447,28.889494477947476
13448,28.825767364729494
13449,28.88124839649807
13450,28.780324259316863
13451,29.294195834412037
13452,30.05963254752638
13453,31.733245336543845
13454,32.535296166930955
13455,32.67276183963324
13456,32.631566070833095
13457,33.07161699933616
13458,33.47547908326081
13459,33.348946951419784
13460,33.4476707781372
13461,33.79706588230002
13462,34.28072239199144
13463,34.97327201486816
13464,35.52682520480525
13465,35.6986227996096
13466,35.308136790776565
13467,34.744768850133205
13468,34.31630920811164
13469,34.04114436338554
13470,33.7789801156582
13471,33.330926095109106
13472,32.95316564275946
13473,32.60608497586678
13474,32.0670609164172
13475,31.649402288207543
13476,31.85531047359025
13477,32.531477733518216
13478,33.03139661174321
13479,32.811727272741905
13480,32.600985583202075
13481,32.90855515054099
13482,33.08136181652212
13483,32.83007672439232
13484,32.62417875647385
13485,32.47866200821907
13486,32.49622758604567
13487,32.511892050370356
13488,32.37891469158052
13489,32.385410188576365
13490,32.195893373302496
13491,31.832295245438516
13492,31.401534717575387
13493,31.04037915325773
13494,30.667451408411402
13495,30.541097909958044
13496,30.657013464352723
13497,30.555010303298864
13498,30.39660604167006
13499,30.13322293608529
13500,29.587941614349543
13501,29.157178190827477
13502,28.68299615728903
13503,28.26345042060003
13504,28.007526966152952
13505,27.709902349704087
13506,27.242924319577675
13507,26.77662123795452
13508,26.477884063482605
13509,26.17784553250162
13510,26.05176539605779
13511,25.981515134538864
13512,25.6574739444974
13513,25.392850655738712
13514,25.127307351724532
13515,25.01193837287431
13516,24.85283113713643
13517,24.6078770647021
13518,24.4406806406689
13519,24.294011940491128
13520,24.157592490284042
13521,24.007635538895364
13522,23.838805501460847
13523,23.584033465001607
13524,23.51312201973233
13525,23.391341923320756
13526,23.25517459534646
13527,23.13266891938615
13528,23.055700004660615
13529,22.97200778224618
13530,22.77983624683501
13531,22.775529754047795
13532,22.774707066388885
13533,22.763056451727024
13534,22.708663797544364
13535,22.685185885874287
13536,22.750620066459394
13537,22.70935776871902
13538,22.65606488361885
13539,22.469170292322875
13540,22.329005194046157
13541,22.220104823767112
13542,22.07775778295052
13543,21.996061834023738
13544,22.058284411702985
13545,22.117044391364168
13546,22.18282246785106
13547,22.164099005170854
13548,22.22803394341794
13549,22.263975527067082
13550,22.349347306510232
13551,22.395084778989077
13552,22.521223028716786
13553,22.497806136170983
13554,22.432148805302795
13555,22.410330331994352
13556,22.241263485734734
13557,22.195496633887778
13558,22.167592994507906
13559,22.239153839836952
13560,22.312095961217565
13561,22.25820713520581
13562,22.30463847820194
13563,22.380429474709505
13564,22.393680313891892
13565,22.4213722091978
13566,22.36709679746818
13567,22.456545826858815
13568,22.46753303329162
13569,22.481169055901457
13570,22.527336157206985
13571,22.511697956391856
13572,22.516424619772444
13573,22.465631798231737
13574,22.461323142911024
13575,22.536586447657687
13576,22.63231148472745
13577,22.768190405924337
13578,22.928715031532818
13579,23.083319954411525
13580,23.406633048638977
13581,23.452811658352584
13582,23.663069275894756
13583,23.67822407676592
13584,24.021655848711383
13585,24.447626133427793
13586,25.258300018561016
13587,26.046914205217817
13588,26.417204889808616
13589,26.692693478108442
13590,27.034070019026636
13591,27.71025744818022
13592,28.00576694031478
13593,28.605698113193
13594,29.297786545595347
13595,29.533235944075436
13596,30.545871116832803
13597,31.676024934493178
13598,31.77894008222233
13599,31.819391861762654
13600,31.950707220671028
13601,32.29514673091609
13602,33.07229416668497
13603,33.73733650202118
13604,33.68996949826293
13605,33.76762624953936
13606,34.22509969053773
13607,34.26321357885272
13608,34.35188439006726
13609,34.08656921981587
13610,33.99917364010892
13611,34.34411925971047
13612,34.96248356334084
13613,35.04772140716277
13614,34.75117453638127
13615,34.627409611686645
13616,34.54891920155275
13617,35.04948938112773
13618,35.57297574969608
13619,35.8857372786795
13620,35.70938213412779
13621,35.309974892438774
13622,34.62166697912879
13623,34.57007045899307
13624,34.53946564774996
13625,34.590061663986546
13626,34.221133963198234
13627,34.27016644632344
13628,34.25819676951266
13629,33.946432824846255
13630,33.52032341271138
13631,33.21592148287403
13632,33.01554394330815
13633,33.367269772752095
13634,33.093661782573214
13635,32.55774067355274
13636,32.10348173260377
13637,31.88892926940453
13638,31.7430202147317
13639,31.550976664579377
13640,31.106294879361158
13641,30.65502988307602
13642,30.23745067700686
13643,29.80905974593381
13644,29.533413229979754
13645,29.217597332700155
13646,28.959714160788163
13647,28.591631800475838
13648,28.258465058404074
13649,27.80864581988044
13650,27.41381496847164
13651,27.05334946260873
13652,26.783583224571284
13653,26.394404189230137
13654,26.05128470028827
13655,25.694754472295795
13656,25.37610039247071
13657,25.05680391491242
13658,24.64638888424603
13659,24.279009252579996
13660,23.903745315543603
13661,23.690575782844014
13662,23.470229846213645
13663,23.22702516812323
13664,22.870580720495106
13665,22.561036538305927
13666,22.331448805797333
13667,22.201878544733574
13668,22.030935781524597
13669,21.912720329357978
13670,21.880695319001568
13671,21.79750011712569
13672,21.70128929254786
13673,21.623920191300765
13674,21.61612148831696
13675,21.65380310371418
13676,21.567273663956918
13677,21.456897893614133
13678,21.37760810115928
13679,21.208804407426435
13680,20.941312385379824
13681,20.86164494632267
13682,20.813728590456847
13683,20.787565588579447
13684,20.761028265979977
13685,20.655322584557965
13686,20.586009080852357
13687,20.57997145039309
13688,20.54508236491872
13689,20.520038731751107
13690,20.511585060207462
13691,20.522175875886607
13692,20.528041663395392
13693,20.396706214851996
13694,20.38779208626466
13695,20.222748246664516
13696,20.097885957870105
13697,20.033829459872628
13698,19.985569407408068
13699,19.878569154159972
13700,19.857143719537167
13701,19.856044700839764
13702,19.873616899812372
13703,19.933481627487456
13704,19.974071362439926
13705,19.99794184009469
13706,20.087237487403833
13707,20.098992347444888
13708,20.1077297297799
13709,20.089013419690012
13710,20.108269032021518
13711,20.209599181042645
13712,20.143601610449217
13713,20.166620608876592
13714,20.146950334856903
13715,20.155369920282403
13716,20.17378106054848
13717,20.24187270406248
13718,20.24592969651784
13719,20.357729938536306
13720,20.479920228464536
13721,20.561308549903664
13722,20.632178158095225
13723,20.755671049266287
13724,20.913215012582484
13725,21.153708737661336
13726,21.493472388055224
13727,21.833820814610526
13728,22.457633991536348
13729,22.944691217919726
13730,23.33991953503701
13731,23.55568434569496
13732,23.916740059463155
13733,24.19922261641402
13734,24.438679562903015
13735,24.58611381565971
13736,24.619972402333502
13737,24.813593810301725
13738,24.910880984618984
13739,25.270459706226603
13740,25.639968678678464
13741,25.960048557724974
13742,26.396942266489226
13743,26.870747487704094
13744,27.09738202511283
13745,27.358365748589755
13746,27.595076307178026
13747,27.888683687637425
13748,28.72768963213256
13749,29.402702243320903
13750,29.804503359300156
13751,30.363493681300675
13752,31.191849722506216
13753,32.529902143253146
13754,33.691362133667276
13755,34.30389425471554
13756,34.065116036592585
13757,33.9413505781689
13758,34.075985026214624
13759,34.26095359828204
13760,34.40383450095226
13761,34.40439149008314
13762,34.046615278799486
13763,33.29049328330292
13764,32.76094420156958
13765,32.466778822182626
13766,32.41984008019409
13767,32.92102440558321
13768,33.24269333754139
13769,33.363670907218705
13770,33.09647421195321
13771,32.60847015255115
13772,32.22520380186803
13773,31.735532503698195
13774,31.328148781216303
13775,30.944528024942937
13776,30.66974297194612
13777,30.15636066380235
13778,29.717441790320454
13779,29.395481118069046
13780,29.21135491205665
13781,29.000255426077995
13782,28.770290070928308
13783,28.547478427769637
13784,28.368629182922163
13785,28.407799151990282
13786,28.114423783165527
13787,28.240472056594363
13788,27.97039218712319
13789,27.61440811758423
13790,27.367045069358195
13791,26.939132003614226
13792,26.44599051082163
13793,26.17110724218884
13794,25.911682775393796
13795,25.54471563850749
13796,25.240396258222383
13797,24.611957166870877
13798,24.402052752836855
13799,24.162177161865763
13800,24.02540931550022
13801,23.829098428339854
13802,23.606333238252727
13803,23.533258419313192
13804,23.32491261379788
13805,23.112877589751243
13806,23.062706376902604
13807,22.904135892471835
13808,22.849095642943297
13809,22.65168702123303
13810,22.560225569448747
13811,22.42217438679656
13812,22.361537128287175
13813,22.258545774974724
13814,22.2496176551417
13815,22.017638587186482
13816,21.888074738298116
13817,21.799775993556757
13818,21.616429104294316
13819,21.588661901252834
13820,21.58238341389192
13821,21.44757656368083
13822,21.371671792984678
13823,21.30836207040765
13824,21.05543266964318
13825,20.919095201968954
13826,20.88040282256733
13827,20.798756157623778
13828,20.65389529722472
13829,20.556948291580404
13830,20.508359762382263
13831,20.476415780009408
13832,20.379742343615487
13833,20.375253740376202
13834,20.271372521155516
13835,20.29699374797518
13836,20.308982349895995
13837,20.248963896173567
13838,20.347586831065687
13839,20.277255733030998
13840,20.2648410830244
13841,20.218037429508
13842,20.24366779594955
13843,20.170189151131293
13844,20.182875373859336
13845,20.22782200068238
13846,20.233193862516735
13847,20.2140478731286
13848,20.25400155176294
13849,20.256776468088447
13850,20.294749746986454
13851,20.30103774861088
13852,20.29599176511405
13853,20.214143859210207
13854,20.244155637801743
13855,20.231680167445482
13856,20.233602562553656
13857,20.264527082872064
13858,20.240130046423523
13859,20.252607865991614
13860,20.215748105326647
13861,20.308401059453658
13862,20.36121317340422
13863,20.436651134599092
13864,20.48959015478511
13865,20.530487114993328
13866,20.63490546550425
13867,20.922407293659194
13868,21.273427577230276
13869,21.773830725678923
13870,22.16186040634338
13871,22.98256590592198
13872,23.54804069894376
13873,24.397578426134135
13874,25.519966193630047
13875,26.5564497007141
13876,27.407274223843327
13877,27.980777544886614
13878,28.30817751604511
13879,28.67823909864005
13880,29.46708846201724
13881,30.530370493611777
13882,31.246757952434425
13883,31.792057643133397
13884,32.46404049975605
13885,32.98941817423009
13886,33.5613212582482
13887,34.29133141582439
13888,35.081620575181994
13889,36.30447342584876
13890,36.908446113709715
13891,37.06664540520161
13892,37.49070019162278
13893,38.15979767395018
13894,38.589086502623516
13895,39.06081472488808
13896,39.36309643848903
13897,39.41296925424469
13898,39.35435377112784
13899,39.222447923706525
13900,38.98770215356793
13901,38.15078798159401
13902,37.638366960877576
13903,37.062426729757426
13904,36.32270940033215
13905,35.41082229056831
13906,34.43535621382139
13907,33.44315748865194
13908,32.63533444579924
13909,32.10176462574172
13910,31.84924603520214
13911,32.273204315567895
13912,32.89224415557972
13913,33.04680092226453
13914,32.618584796022446
13915,32.25688542858329
13916,32.467524081116004
13917,32.7862463702954
13918,32.9281347146126
13919,32.68638227615705
13920,31.859910665206986
13921,30.8992106409609
13922,30.305797954567755
13923,29.955898384815395
13924,30.034770981775168
13925,30.2353110879367
13926,30.47295075678869
13927,30.49913567322231
13928,30.415986737038605
13929,30.30057002112585
13930,29.753430396322443
13931,29.28425373912494
13932,28.865545701163295
13933,28.371799785648548
13934,27.975762108079117
13935,27.629124608847974
13936,27.297162329203037
13937,26.784916288655783
13938,26.318359040282033
13939,25.931953008834416
13940,25.690147267378915
13941,25.351843227591374
13942,25.188876153502502
13943,25.00767097412431
13944,24.79374319190142
13945,24.497302854975864
13946,24.252987158553292
13947,23.753923564965774
13948,23.52751579784195
13949,23.439918044251417
13950,23.20748181349334
13951,23.119135368164013
13952,22.936683639061922
13953,22.87218467587243
13954,22.8172665853046
13955,22.710613719429627
13956,22.482734150086362
13957,22.440216843838755
13958,22.343472952675757
13959,22.323890590871194
13960,22.21138486678392
13961,22.016698086600883
13962,21.88690829046543
13963,21.821226585650205
13964,21.69867431262954
13965,21.58397493468488
13966,21.560959270593003
13967,21.4560317810349
13968,21.226620078048775
13969,21.099367281716972
13970,21.07484170547519
13971,21.035916891047094
13972,21.02714380977344
13973,20.91060868208733
13974,20.82527371632543
13975,20.77898629736213
13976,20.6483965851396
13977,20.64047077347338
13978,20.638055118745346
13979,20.51773529840124
13980,20.358383442046517
13981,20.35255783197877
13982,20.286154470287787
13983,20.231633225347167
13984,20.166564491997782
13985,20.08903024195424
13986,20.010768548714132
13987,19.969347589597664
13988,19.966155036969308
13989,19.97931436037275
13990,19.941669195425547
13991,19.81877101689127
13992,19.820984752719156
13993,19.791896996472282
13994,19.690439594172425
13995,19.713747118102035
13996,19.746397060370562
13997,19.741958063950563
13998,19.646408509225843
13999,19.46512369637939
14000,19.437178419471426
14001,19.530226768728703
14002,19.528595389979817
14003,19.523885572729725
14004,19.473201501992957
14005,19.461269375366815
14006,19.506834153872067
14007,19.55634595110622
14008,19.719086484004485
14009,19.94658522490453
14010,20.251664139187486
14011,20.659686300645248
14012,21.112236023665034
14013,21.4977470721916
14014,21.98461191385484
14015,22.61318276373226
14016,23.083121988496345
14017,23.774538483314256
14018,24.62853585103555
14019,25.69662812550181
14020,26.39260766582696
14021,27.128245028984658
14022,28.004317727644317
14023,28.709250847311367
14024,29.7092136419119
14025,30.60848677162965
14026,31.570905685874077
14027,32.28632500615081
14028,33.117368761900956
14029,33.79395501169446
14030,34.472730006767264
14031,35.12536597376888
14032,35.994473112827926
14033,36.805153483465844
14034,37.30566262055436
14035,37.847312709746404
14036,38.22229763502935
14037,38.48480129348681
14038,38.21481361713949
14039,37.60071213581173
14040,37.38445888351525
14041,37.18787463393199
14042,37.25863601108847
14043,37.27006949141387
14044,37.249688294511245
14045,36.98285056738023
14046,36.68020194118114
14047,36.315637479544876
14048,35.83208869037627
14049,35.19032498773492
14050,34.90705982201252
14051,34.84527483097496
14052,34.569489965152286
14053,34.32932171898015
14054,34.26305457187888
14055,34.73988967320133
14056,35.319786316067024
14057,35.4773982360636
14058,34.82063732730237
14059,33.849944116315115
14060,33.51785226936462
14061,33.51235361466927
14062,33.69957767711077
14063,33.81526835946322
14064,33.24380872492843
14065,32.738776555109574
14066,32.477277475525504
14067,32.236209246193
14068,32.05129220353161
14069,31.8680220330516
14070,31.706019190892142
14071,31.199605285494865
14072,30.724836589131108
14073,30.254341574486112
14074,29.947865371257265
14075,29.685399695798907
14076,29.256415693546355
14077,28.9243858140412
14078,28.632529435174774
14079,28.21375711808909
14080,27.775685552591
14081,27.421027620674273
14082,27.100728734878977
14083,26.824809170687807
14084,26.647429010023366
14085,26.475955287866164
14086,26.26788505894853
14087,26.187986674532194
14088,26.056523824056686
14089,25.93507202371324
14090,25.950347173296187
14091,25.848093213826107
14092,25.695889524231735
14093,25.571939987770428
14094,25.31160155181864
14095,25.22677810605107
14096,25.280769898580772
14097,25.172014849980634
14098,25.065092027947717
14099,25.03835525927872
14100,24.92926239277956
14101,24.767067061855208
14102,24.878350408472613
14103,24.886002252970037
14104,24.686997937703445
14105,24.732168133512243
14106,24.65692840283583
14107,24.65659389933616
14108,24.457375195879898
14109,24.490518154053905
14110,24.481083960471796
14111,24.523751317520443
14112,24.840003576634597
14113,24.939228128993314
14114,24.85039200373097
14115,24.699114783300534
14116,24.68183175792055
14117,24.56833100204581
14118,24.434939362694198
14119,24.159314657771645
14120,23.798988241563542
14121,23.564577925392054
14122,23.49446053376076
14123,23.233030955216872
14124,23.157852061117786
14125,23.13284023871688
14126,23.139386532306467
14127,23.058346551666958
14128,23.108500642571528
14129,23.05435332126811
14130,23.10540308269366
14131,23.139335293002112
14132,23.037745729190373
14133,23.104905409561233
14134,22.966227325426996
14135,22.98089375743744
14136,22.97758535432166
14137,22.900557929612205
14138,22.793501680485214
14139,22.8644886742795
14140,22.76063665550242
14141,22.560717543055247
14142,22.490326592226374
14143,22.500568809096325
14144,22.272950975051735
14145,22.148424629806257
14146,22.071747795525173
14147,22.077997088583846
14148,22.032426609732404
14149,21.939513884318774
14150,21.727600732337503
14151,21.47079995828969
14152,21.37179183912065
14153,21.347427005103672
14154,21.275473034736123
14155,21.163245216723038
14156,20.886163389971106
14157,20.728555893513857
14158,20.74537844500166
14159,20.731639669081247
14160,20.685103840954802
14161,20.65100881986724
14162,20.618420923184473
14163,20.63552805706889
14164,20.675318562908682
14165,20.731370767656124
14166,20.736003213188436
14167,20.862080705904955
14168,21.107246391309022
14169,21.506456485167096
14170,22.02292932260301
14171,22.47843130210746
14172,22.817238396767813
14173,23.060433618640527
14174,23.14093706185747
14175,23.232663988100718
14176,23.427559169551984
14177,23.40123021256746
14178,23.45651565622677
14179,23.936507289292397
14180,24.63646751508427
14181,25.079863931250827
14182,25.15533894871889
14183,25.441973824255125
14184,25.670525780627823
14185,25.89032027449289
14186,25.724396955027895
14187,25.45947056044847
14188,25.241359738515293
14189,24.971013199143567
14190,24.744418913403507
14191,24.774970711471422
14192,24.85921030470789
14193,24.863995960779103
14194,25.071189798415197
14195,25.255570433575222
14196,25.316899946188556
14197,25.509147153556235
14198,25.636829469148868
14199,25.635965913568562
14200,25.682791249108845
14201,25.818982160408545
14202,25.969511018550314
14203,26.343846471775205
14204,26.97705474045251
14205,26.988813502627224
14206,27.342100952371936
14207,27.319080788599702
14208,27.097001831546102
14209,26.941682979785508
14210,27.30148098176537
14211,26.777773320761455
14212,26.665056359100888
14213,26.590819147491892
14214,26.42171225025806
14215,26.116468310007154
14216,25.876388403038835
14217,25.76382838787799
14218,25.469752750393905
14219,25.249704817156136
14220,25.228792339302135
14221,25.23313636609248
14222,24.991673758479646
14223,24.601092236219223
14224,24.205802106985363
14225,23.842751508240795
14226,23.560778173557132
14227,23.3647845158438
14228,23.19395271458919
14229,23.11631751081038
14230,23.060696184700873
14231,23.012565940340725
14232,22.975542684603255
14233,22.837917537389544
14234,22.72987883250148
14235,22.670889434047588
14236,22.52641398704575
14237,22.474728729777695
14238,22.31991504632517
14239,22.250971892880138
14240,22.256863579691124
14241,22.19838280095868
14242,22.078778283268434
14243,22.07188422270697
14244,22.073837809563326
14245,22.002093064068738
14246,21.979851975022033
14247,21.962011621727378
14248,21.931916270521626
14249,21.923578316122796
14250,21.85302271059116
14251,21.84989513542574
14252,21.80028981822917
14253,21.862858027719014
14254,21.8476821547103
14255,21.749428266043722
14256,21.771756096088108
14257,21.731660728534674
14258,21.76139090659427
14259,21.733260330497544
14260,21.637873285724453
14261,21.671824677753275
14262,21.71285760155603
14263,21.73152899145785
14264,21.772657360078284
14265,21.81373310039834
14266,21.857482532810913
14267,21.850429681880073
14268,21.860894802027023
14269,21.859149136324195
14270,21.89495618548975
14271,21.889063118450533
14272,21.832815693628103
14273,21.88077828391069
14274,21.838526057610654
14275,21.828086885036956
14276,21.81118707004532
14277,21.821434522800775
14278,21.832502122927092
14279,21.837372655139493
14280,21.843834625904595
14281,21.813850528253212
14282,21.790728781404415
14283,21.820762170948427
14284,21.826011000388675
14285,21.84854408503431
14286,21.852530333445415
14287,21.866390194687497
14288,21.858330173917288
14289,21.859437862774975
14290,21.86640035304321
14291,21.879450415985673
14292,21.882182995311187
14293,21.936300035291328
14294,21.99068528098335
14295,21.994796934025793
14296,22.03643480121807
14297,21.988016053472634
14298,22.063962991704894
14299,22.088334517801265
14300,22.188809544920183
14301,22.246365615677377
14302,22.269662318108566
14303,22.40942787833321
14304,22.566782093535714
14305,22.658114040763476
14306,22.935301084421564
14307,23.177621847809313
14308,23.586456191111715
14309,24.07043461746223
14310,24.26464542080578
14311,24.798523115384867
14312,25.234426580986227
14313,25.650392628592666
14314,25.828449335151035
14315,26.059917213360734
14316,26.03484266367753
14317,26.298569958660547
14318,27.124698692053165
14319,28.042142505088798
14320,29.202342753136485
14321,29.774331588572508
14322,30.412313454271676
14323,31.121239771224566
14324,31.77722954881736
14325,32.16480741347423
14326,32.634252493484915
14327,33.4694418804399
14328,33.95198712301303
14329,34.35461869035503
14330,34.354358349244215
14331,34.07053787390058
14332,33.90458607075094
14333,34.06462915338739
14334,35.094204795194216
14335,35.6306560851727
14336,35.56162621579731
14337,34.99700106085396
14338,34.887215379279716
14339,35.33763028837534
14340,35.3145695573867
14341,35.48496632469372
14342,35.316777148923904
14343,34.854339168289485
14344,33.99944052831687
14345,32.994339330642774
14346,32.30402181071037
14347,31.925931674689746
14348,31.669985833062203
14349,31.29381900656511
14350,30.934986854633213
14351,30.89539467064373
14352,30.823085878261075
14353,30.774039563665905
14354,30.671766930347964
14355,30.24475262970406
14356,30.254957157148787
14357,30.15844319535349
14358,29.706105007611498
14359,29.22306978116763
14360,28.930735298120254
14361,28.510989888186636
14362,28.434974914149347
14363,28.073615331339646
14364,27.791707171439523
14365,27.507541553944108
14366,27.286247518517595
14367,26.92353733454025
14368,26.734803271268884
14369,26.29664720440833
14370,25.949249677577452
14371,25.683635659105118
14372,25.374494549919874
14373,25.182714241175763
14374,24.875165584478278
14375,24.723092371246675
14376,24.566934013129615
14377,24.256757689297068
14378,24.16474302895254
14379,24.07331151514385
14380,23.983317305958565
14381,23.825383579881912
14382,23.67771777981329
14383,23.62221206582283
14384,23.561166534085068
14385,23.51216205626304
14386,23.510038721236736
14387,23.415324801257377
14388,23.371067052009813
14389,23.28801974768493
14390,23.21393197033953
14391,23.02234735499924
14392,23.03563110330137
14393,22.99896925487657
14394,23.002644427166754
14395,22.92867158129517
14396,22.836615049414632
14397,22.867681099307827
14398,22.738240291717155
14399,22.77524738060365
14400,22.824704608571558
14401,22.769126902852342
14402,22.593991663673773
14403,22.500389199152572
14404,22.651045150122208
14405,22.660547307982227
14406,22.60715320396304
14407,22.44724410033059
14408,22.439088294344888
14409,22.479516275520975
14410,22.36502912736697
14411,22.278517512464056
14412,22.344499951246796
14413,22.270497397766036
14414,22.2840513788913
14415,22.380141740818992
14416,22.47931836301712
14417,22.465346106104064
14418,22.469636738579133
14419,22.529423476780057
14420,22.569392480787815
14421,22.514196740339948
14422,22.42792126292006
14423,22.48050482091331
14424,22.40707004600414
14425,22.407231058462507
14426,22.352621685119836
14427,22.400778747262162
14428,22.317872587448058
14429,22.31994037848146
14430,22.37895149544697
14431,22.40286790857259
14432,22.383374073665678
14433,22.43624961472274
14434,22.411495743384954
14435,22.39195086646312
14436,22.37165389997788
14437,22.38195437485411
14438,22.34248116464594
14439,22.420956354478193
14440,22.501758772953394
14441,22.65488031091498
14442,22.771820623386112
14443,22.87119864001844
14444,22.94013653428448
14445,23.08361335306293
14446,23.286047207799854
14447,23.585077449407564
14448,24.189864823190447
14449,24.73098029207651
14450,25.500445523349814
14451,25.976891271532722
14452,26.283417921786224
14453,26.736770200481942
14454,27.05705376753866
14455,27.321591207221683
14456,27.833500463808324
14457,28.43806892036939
14458,29.522931707712242
14459,30.682677461484193
14460,30.84156416439947
14461,30.930999753440485
14462,31.154153936356092
14463,31.483931093166607
14464,32.079491485862455
14465,32.64961771993357
14466,33.1731278366767
14467,33.14915571270504
14468,33.22028846754342
14469,33.74782682803314
14470,33.6330412774318
14471,32.93967165999658
14472,32.54537802323754
14473,32.46370425253527
14474,32.20883532237835
14475,31.81618589381357
14476,31.383068264397583
14477,30.821493650596345
14478,30.274761557523114
14479,29.9806753037809
14480,30.08287961289631
14481,30.427001630047254
14482,30.60633462975504
14483,30.246426370700377
14484,30.109816448524484
14485,30.139054697287314
14486,30.589907304439322
14487,31.39521521364489
14488,31.009726255039595
14489,30.193900039975773
14490,28.898372323742365
14491,26.854086586129792
14492,25.816875919636498
14493,24.827096780513624
14494,23.825969670913544
14495,22.740601026132865
14496,22.550675982501655
14497,22.49426226779941
14498,22.828483879210268
14499,23.72356890860911
14500,24.221797281766385
14501,24.5132823899179
14502,24.518072718573077
14503,24.566157813469196
14504,24.647788303870865
14505,24.64065995918428
14506,24.510887141896177
14507,24.25616418956194
14508,24.095240964598396
14509,23.97147296080285
14510,23.691975987745906
14511,23.50605664235165
14512,23.21501796216703
14513,22.96157909143062
14514,22.57725450420056
14515,22.329669742190795
14516,22.142308299382957
14517,21.92518211314431
14518,21.82919120055768
14519,21.942157997321246
14520,21.86364215270038
14521,21.867932637209286
14522,21.77711822855954
14523,21.704403700649785
14524,21.918874219014604
14525,22.182330247256868
14526,22.196343444792777
14527,21.97198959908124
14528,21.9087995940436
14529,21.959649629089892
14530,22.142252007510795
14531,22.24684187227791
14532,22.246878469835302
14533,22.140796229785224
14534,22.10529365003079
14535,22.075503520328557
14536,22.145344243560015
14537,22.12283409585837
14538,22.026076767632862
14539,21.9370034997129
14540,21.514739166809434
14541,21.367622944601013
14542,21.363141793066458
14543,21.32931570444553
14544,21.03207256441037
14545,20.97675654885515
14546,20.837902345861863
14547,20.7837687010848
14548,20.56938165542699
14549,20.663858833491933
14550,20.487382136778823
14551,20.38382302069799
14552,20.322033257342603
14553,20.314043002706015
14554,20.254431967836325
14555,20.193759741897047
14556,20.116411907137838
14557,20.18810813190971
14558,20.127983425267615
14559,20.171605716440013
14560,20.18501448522918
14561,20.14419376256876
14562,20.165824387541278
14563,20.16705179468919
14564,20.116812256630595
14565,20.127363831547655
14566,20.110595091266187
14567,20.05998255891104
14568,19.999595804325505
14569,19.85192724807668
14570,19.834482180057353
14571,19.71602604641195
14572,19.591145076908283
14573,19.571634050503825
14574,19.510166486271004
14575,19.457853665189994
14576,19.428192480069015
14577,19.444584909163517
14578,19.431614451294177
14579,19.401817018053322
14580,19.460540330846506
14581,19.497561262669393
14582,19.589168299216727
14583,19.663889663434162
14584,19.77176420232171
14585,19.94465629015921
14586,20.24555059180779
14587,20.64178865459046
14588,20.83426463303202
14589,21.26449382518028
14590,21.682462093054752
14591,21.904846152001536
14592,22.626028786090036
14593,23.68406606716922
14594,24.193532718115257
14595,24.59455821770488
14596,24.804626444105537
14597,25.29082227284798
14598,26.454713206617043
14599,27.4423334749683
14600,28.413956791968836
14601,28.716345637618453
14602,29.004208617297948
14603,28.815151119558276
14604,28.39855573261905
14605,29.03753492356611
14606,30.77641703617281
14607,32.04008630426655
14608,33.104296863810866
14609,34.061989515641145
14610,34.43276348407525
14611,34.99212519236969
14612,35.04109500773073
14613,34.45034851033026
14614,34.52059484277548
14615,36.013332055537624
14616,36.968843625150335
14617,37.332022181142555
14618,37.556338841077746
14619,38.21437194377501
14620,37.95407092677582
14621,37.818284262466136
14622,37.95037032510791
14623,37.68006263416518
14624,37.92471883338832
14625,37.815349371034
14626,37.461305203680176
14627,37.1981416722291
14628,36.682251664686596
14629,36.09234398626617
14630,35.55827069205464
14631,35.09084818047499
14632,34.60544591426169
14633,34.257156335497676
14634,33.63044135664941
14635,32.98443349465656
14636,32.538796598004076
14637,32.79880877634344
14638,32.88626514263478
14639,33.04244925317798
14640,32.96369226775382
14641,32.8053283438461
14642,32.63237912895416
14643,32.522829059987565
14644,32.61551603207067
14645,32.355122679928265
14646,31.900904904949197
14647,31.156199629634703
14648,30.535712813723705
14649,29.906300021613145
14650,29.132720169177773
14651,28.353660303179286
14652,28.111389319426905
14653,27.33934339563339
14654,26.604228411886734
14655,26.073943036580534
14656,25.362165196790016
14657,24.79487126829544
14658,24.06836660827775
14659,23.458674132076155
14660,23.126692661891607
14661,22.912638602739932
14662,22.586814515418915
14663,22.349039965549238
14664,22.243346255395153
14665,22.10166790491334
14666,21.984253640887367
14667,21.925463880560724
14668,21.84096803574459
14669,21.7204940126884
14670,21.614299299394535
14671,21.519264850042916
14672,21.46101524498672
14673,21.458348885505412
14674,21.39461899040542
14675,21.274941003036197
14676,21.250916096901346
14677,21.133791768443906
14678,21.01072006184401
14679,20.946871206569774
14680,20.88058769208991
14681,20.830501715224838
14682,20.82035655809193
14683,20.780287540899202
14684,20.753240402303707
14685,20.64952748278979
14686,20.438216747573897
14687,20.397554716244365
14688,20.203582627648323
14689,20.061582774428928
14690,19.974949407183924
14691,19.928508331992674
14692,19.93341182284405
14693,19.820948868852714
14694,19.762654337640097
14695,19.669509059176203
14696,19.52753836595148
14697,19.43314239557052
14698,19.358502636043514
14699,19.23532737993216
14700,19.173616869117488
14701,18.991244864619816
14702,18.932181195844983
14703,18.867985555417654
14704,18.76643246205987
14705,18.831320551318584
14706,18.660984848658785
14707,18.60827075870591
14708,18.59476818770439
14709,18.480131067230527
14710,18.44535613535617
14711,18.335530993456345
14712,18.230922310134225
14713,18.165858096656596
14714,18.151773119729636
14715,18.068600715252025
14716,18.04886809801229
14717,17.971568125810926
14718,18.01088644502587
14719,18.091195773570302
14720,18.016632936478736
14721,18.01506430670472
14722,17.976167956505716
14723,17.9334548106995
14724,17.956325937999566
14725,17.98404872844197
14726,17.905360531577017
14727,18.12299998599687
14728,18.375258574349626
14729,18.527982309865454
14730,18.81248965718711
14731,19.284167749280066
14732,19.840579480700825
14733,20.430325580554513
14734,21.127983565881948
14735,21.91158784681606
14736,22.77871055724585
14737,23.666692751861966
14738,24.53735920207413
14739,25.688253231806215
14740,26.526897641443163
14741,27.18500895434695
14742,27.98175706700749
14743,28.594146158293142
14744,29.582137023872935
14745,30.359620330657652
14746,30.862340179457245
14747,31.606159032814872
14748,32.19774115208594
14749,32.59715222240629
14750,33.238095684725735
14751,33.241664693377764
14752,34.2222876278683
14753,35.477880053300716
14754,36.01039551007452
14755,35.808930279925775
14756,36.287725755635606
14757,37.11769778236542
14758,36.98335118867316
14759,36.46040507791462
14760,36.464104847371075
14761,36.35086099275907
14762,36.687318846700705
14763,37.11850246368988
14764,37.246713891634876
14765,37.576793881487454
14766,37.782424127925694
14767,37.54608460101022
14768,37.38751769580173
14769,37.44786629629235
14770,36.35384797467343
14771,35.61595930897659
14772,35.03801439181967
14773,34.527098695337585
14774,34.04692020167945
14775,33.35773615448416
14776,32.99688553613879
14777,33.346455552931424
14778,33.3382729096193
14779,33.07619040778312
14780,33.77657154987292
14781,33.94081617484437
14782,33.91438148549634
14783,33.30378106833156
14784,32.44722262381156
14785,32.03212478002992
14786,31.82137284449388
14787,31.443986948441754
14788,31.096482323661583
14789,30.628086179620713
14790,30.546095329444935
14791,30.491332376633704
14792,30.35874502362016
14793,30.10981432479947
14794,29.519451992085138
14795,29.019858342693247
14796,28.550234890092998
14797,28.101606621568667
14798,27.592091808282085
14799,26.983931916171425
14800,26.373429939420532
14801,25.92921335497193
14802,25.597013463870805
14803,25.201990767103773
14804,24.759242442476495
14805,24.43036554341667
14806,23.91544188382384
14807,23.554196213539797
14808,23.230640786179958
14809,23.112547304031555
14810,22.96899907498484
14811,22.729104844409
14812,22.555511818085343
14813,22.62137585012333
14814,22.500929333726692
14815,22.47402032131628
14816,22.312618239470353
14817,22.191323357355405
14818,22.019301943699926
14819,21.83939143750863
14820,21.748942300820097
14821,21.723968823243137
14822,21.522841581684787
14823,21.541454063912056
14824,21.434890680314023
14825,21.411271246157888
14826,21.371752412334143
14827,21.350460092868985
14828,21.22750815758949
14829,21.220114020974417
14830,21.215019983383147
14831,21.07544665723731
14832,20.711723687028847
14833,20.576883577800746
14834,20.40961108631175
14835,20.459195894598455
14836,20.363409759380342
14837,20.306258672393305
14838,20.16376096994324
14839,20.082978289217337
14840,20.019888117235773
14841,19.933118387693593
14842,19.823964187740387
14843,19.785178176526863
14844,19.791705815660574
14845,19.643565573684423
14846,19.521535616831795
14847,19.504155147572455
14848,19.648940167487563
14849,19.450470562557342
14850,19.302712760735382
14851,19.261332566153094
14852,19.1787283186139
14853,19.08672284673412
14854,18.977818805073145
14855,18.936958373702016
14856,18.906633068849235
14857,18.94806982237231
14858,18.908085940499
14859,18.93153663534202
14860,18.84340116004219
14861,18.817758893669676
14862,18.80979558645491
14863,18.776460882990065
14864,18.91751454878772
14865,19.004489429399648
14866,18.83270737729842
14867,18.710059450737393
14868,18.752016535454864
14869,18.73346233108995
14870,18.779175069525756
14871,19.02942724242354
14872,19.223951528561212
14873,19.465763371418134
14874,19.708683737021797
14875,20.085437430849765
14876,20.31178528145233
14877,20.643530839558938
14878,20.918310974765276
14879,21.136897439203697
14880,21.409620046803532
14881,21.6030905362981
14882,21.825246240261446
14883,22.066695713385293
14884,22.336733182153647
14885,22.96246936444859
14886,23.95967930477331
14887,24.504625213351652
14888,25.819149119787973
14889,26.964411034656454
14890,27.776908334258454
14891,28.616490089264786
14892,29.202400945489323
14893,29.667621267912438
14894,30.309982141086945
14895,30.98009032516612
14896,31.286737755892073
14897,31.68642260733067
14898,32.61739880086978
14899,32.90272941391904
14900,33.632732724570616
14901,34.14162991199233
14902,34.91492218515155
14903,35.25215947472749
14904,35.707557076149875
14905,35.38952205725305
14906,35.18951936363632
14907,34.60624231029656
14908,34.712991493690126
14909,35.18033169543616
14910,35.25988820118045
14911,35.2209024463374
14912,35.29480981175885
14913,35.169688276961786
14914,35.735796449840436
14915,36.06704860512912
14916,36.433577740067136
14917,36.62693348565004
14918,36.05803164651811
14919,35.36871489250171
14920,34.56085078315759
14921,33.940126264842945
14922,33.52857890955718
14923,33.38253805330444
14924,32.98914951237106
14925,32.62562400901308
14926,32.32826185110492
14927,31.95168329514517
14928,31.62135008774472
14929,31.15931444046373
14930,30.814045797950662
14931,30.2291424184332
14932,29.936373319755795
14933,29.679088879048834
14934,29.36649220148119
14935,29.043880417609298
14936,28.602561293668895
14937,28.116199661214537
14938,27.80073768486279
14939,27.413762612687133
14940,27.045572378622836
14941,26.821468905390475
14942,26.467805302789714
14943,26.096482973457398
14944,25.898737096049523
14945,25.473491665646428
14946,25.24647345221921
14947,24.961893699753723
14948,24.71591277553673
14949,24.60785722855813
14950,24.511209144088546
14951,24.361617819227867
14952,24.245106853321424
14953,24.221064585261313
14954,24.13635639648876
14955,24.088490213153545
14956,24.055564126137636
14957,23.997680791227562
14958,23.853829565222764
14959,23.6809733884059
14960,23.53269652141903
14961,23.38524074361156
14962,23.264342558441623
14963,23.23008202164369
14964,23.099078191425907
14965,23.036583351184323
14966,22.960603148726683
14967,22.803133744062762
14968,22.77886688724348
14969,22.674461222249448
14970,22.66432312774773
14971,22.58022862853244
14972,22.437029117136767
14973,22.307220047469293
14974,22.26815010037666
14975,22.219921658556203
14976,22.260515353085346
14977,22.223505943196255
14978,22.211417942840924
14979,22.06316371757483
14980,22.015116761491356
14981,21.843778099593983
14982,21.721316627973607
14983,21.666862908778732
14984,21.671399319152943
14985,21.610757963828007
14986,21.54788434264958
14987,21.47287042933782
14988,21.43302358247215
14989,21.39355868594541
14990,21.313992456431183
14991,21.219533764601945
14992,21.17856526718169
14993,21.157429239171798
14994,21.129477501788585
14995,21.130410441173566
14996,20.99332696881391
14997,20.980247116827904
14998,20.854435350229846
14999,20.86001334792365
15000,20.774639332546734
15001,20.845819693601037
15002,20.838327150879362
15003,20.787341305318236
15004,20.70452831705122
15005,20.701307123966203
15006,20.64707342994556
15007,20.632799913008473
15008,20.571721672900267
15009,20.547919097744412
15010,20.556664021094107
15011,20.494757112650916
15012,20.523883463011863
15013,20.513162266606855
15014,20.535800266191103
15015,20.62178546583197
15016,20.761464553119257
15017,20.835899287626372
15018,20.982868914148355
15019,21.091815541179674
15020,21.168834291256832
15021,21.33615150127935
15022,21.67462155930851
15023,22.0239421360245
15024,22.379423906721208
15025,22.962050169632384
15026,23.559554437773397
15027,24.048949781726797
15028,24.450266449804847
15029,24.789055063544684
15030,24.87870416137261
15031,25.01725826811277
15032,25.274717876627328
15033,25.53132350564295
15034,25.59703651766127
15035,25.7271348343814
15036,25.93455777374286
15037,26.118793431508116
15038,26.411486036245005
15039,26.49405223278962
15040,26.594455622208805
15041,26.877993485813764
15042,27.03210297280683
15043,27.62359119632214
15044,27.89103111784879
15045,28.37545185830298
15046,29.07358591890995
15047,29.712971693612353
15048,30.806300075794056
15049,31.652648756481216
15050,32.09053348430869
15051,32.75146516533809
15052,32.958346051702975
15053,33.43142113048659
15054,33.30243383204588
15055,32.89491777046544
15056,32.92053668733685
15057,33.113133186659475
15058,33.29794391174549
15059,33.23446144070563
15060,32.81506299497519
15061,32.211124792887034
15062,31.765588424448463
15063,30.827651237134017
15064,30.071455451849864
15065,29.21214013274088
15066,28.259487762389988
15067,27.47323273306344
15068,26.867684457882927
15069,26.33498162910516
15070,25.962548900965633
15071,25.64878421341294
15072,25.576541638395557
15073,25.349554015963786
15074,25.396143613699838
15075,25.17090665336415
15076,25.078132265731913
15077,24.9155463766282
15078,24.70861704814573
15079,24.5320299517478
15080,24.318991453162436
15081,24.143072524644985
15082,24.042720911001076
15083,23.923586332398976
15084,23.77163740868502
15085,23.495277986644005
15086,23.310222008287255
15087,23.16118575020939
15088,23.096271024110067
15089,23.02142787239863
15090,22.996156812229003
15091,22.860690157582297
15092,22.712973924098517
15093,22.75531048870999
15094,22.640266584541845
15095,22.60779903764872
15096,22.625456624515856
15097,22.44537016146479
15098,22.15225768486261
15099,22.091287846414225
15100,21.966362149892916
15101,21.623951138410977
15102,21.391746827207335
15103,21.23548880873256
15104,21.085007821337477
15105,21.003707295596477
15106,20.92271508562336
15107,20.8122932743035
15108,20.705648525404342
15109,20.751849519804896
15110,20.72026224792515
15111,20.70609150296762
15112,20.718178517965743
15113,20.794240242163852
15114,20.8085700345336
15115,20.81068953672652
15116,20.81513151537901
15117,20.79653826520535
15118,20.793769466987747
15119,20.856507826272278
15120,20.660961675635598
15121,20.67772405260117
15122,20.73360609315328
15123,20.681036709281415
15124,20.643048278776646
15125,20.646580405855293
15126,20.59890933611031
15127,20.5998668075442
15128,20.601319230468444
15129,20.60132448180493
15130,20.601936539210246
15131,20.597498104152532
15132,20.611238264053767
15133,20.565453889232064
15134,20.6164203839608
15135,20.492381318965062
15136,20.48691971878906
15137,20.44003009590496
15138,20.535312118153126
15139,20.499976184223463
15140,20.501929254437567
15141,20.436350245954806
15142,20.45457371926291
15143,20.448062586657738
15144,20.473504629097587
15145,20.485954709718815
15146,20.47089680225995
15147,20.522059476489986
15148,20.500015204925372
15149,20.508192712423508
15150,20.54737352978231
15151,20.553381765359028
15152,20.557691451581498
15153,20.519066804840524
15154,20.515317800518513
15155,20.55389969780589
15156,20.551492921237095
15157,20.552672510097764
15158,20.489344148279294
15159,20.549550580290205
15160,20.663190547263646
15161,20.76664470556343
15162,20.86350448578465
15163,20.937507944380187
15164,21.199629388940693
15165,21.37534935334439
15166,21.511010538914533
15167,21.601270142189364
15168,21.875054283927774
15169,22.03113649203619
15170,22.283696001965495
15171,22.45799493414989
15172,22.872123373346778
15173,23.228382912267264
15174,23.47694667484628
15175,24.04873578195698
15176,24.261892963326662
15177,24.324578421645775
15178,24.41600737478212
15179,24.575200613132353
15180,24.923960224123658
15181,25.061508060440417
15182,25.410661798299415
15183,25.753477489237014
15184,26.01133293452432
15185,26.260457724485047
15186,26.35393303882519
15187,26.33197745643937
15188,26.250465707002416
15189,26.00489658967962
15190,25.819996690310326
15191,25.66012918019365
15192,25.51247233041961
15193,25.29885869062995
15194,25.05792626141795
15195,24.965732154272565
15196,24.93793264876331
15197,24.960274084773737
15198,25.154450770324853
15199,25.314530084549926
15200,25.659466910831597
15201,25.930140808355482
15202,26.65586086114301
15203,27.051671933345723
15204,27.0175670837825
15205,26.863827941207212
15206,26.338438013616038
15207,26.00443949959004
15208,25.693164601694694
15209,25.450769077611188
15210,25.261886113804216
15211,25.340680505671628
15212,25.481292735540237
15213,25.4508056030988
15214,25.290887587853877
15215,25.232591233131792
15216,25.04352763462683
15217,25.104411724197043
15218,25.114454013433416
15219,25.07533538437572
15220,24.98955475034125
15221,25.04956802074722
15222,24.766049513368404
15223,24.69235029366008
15224,24.559542265724946
15225,24.472719544841784
15226,24.42133877308622
15227,24.37887382540831
15228,24.169476820266805
15229,23.967857098438426
15230,23.868589614465243
15231,23.753671399619353
15232,23.69272627691801
15233,23.643213260068936
15234,23.535734752120444
15235,23.454761091927256
15236,23.337690132499844
15237,23.194171416317637
15238,23.18572851572126
15239,23.086920568696502
15240,23.144334437211405
15241,23.106487712346905
15242,22.968367746461915
15243,22.90925562856576
15244,22.875742489696194
15245,22.85751024598346
15246,22.82912299922079
15247,22.78512383693117
15248,22.75980876122028
15249,22.70874408704021
15250,22.742540198013856
15251,22.812040124653684
15252,22.98901012121704
15253,22.96844433845616
15254,22.9632530686329
15255,22.971145476156355
15256,22.99158858952993
15257,22.98591419669277
15258,22.86272340131739
15259,22.848690167411302
15260,22.840213100283904
15261,22.670884995094916
15262,22.633895252318318
15263,22.610915178089726
15264,22.75827828840478
15265,22.779911428627585
15266,22.720940166581748
15267,22.72276974122323
15268,22.692465766740824
15269,22.735644377674774
15270,22.738042075241623
15271,22.767643767803584
15272,22.7165770050543
15273,22.74344702100537
15274,22.76259005042362
15275,22.6838112722967
15276,22.671968516970306
15277,22.683620562520332
15278,22.691890911457694
15279,22.70042922021451
15280,22.70899911985087
15281,22.710254916462812
15282,22.72913444592001
15283,22.711084393468433
15284,22.595101428011553
15285,22.64053163473226
15286,22.623690208031412
15287,22.566997525414514
15288,22.57301599827734
15289,22.578440126711623
15290,22.542394518056575
15291,22.58722732714583
15292,22.59864367700172
15293,22.602575197406413
15294,22.5699401553695
15295,22.5858790680989
15296,22.571249381025275
15297,22.573170939239294
15298,22.60771278569899
15299,22.54130616905597
15300,22.547330647342296
15301,22.558583071108245
15302,22.563567168841736
15303,22.57269990554886
15304,22.534656651632094
15305,22.593688727965784
15306,22.6965559961846
15307,22.75603534485051
15308,22.782067768182927
15309,22.95973893628333
15310,23.026462654376665
15311,23.012322008007878
15312,23.19161671363419
15313,23.5475642770988
15314,23.691277031255442
15315,23.869638986990772
15316,24.16564512800038
15317,24.280207168222056
15318,24.586407207209227
15319,24.885075133104035
15320,25.085751130227894
15321,25.120874865966798
15322,25.219904742677695
15323,25.371324028798206
15324,25.472782505127
15325,26.00216630884578
15326,26.805087809376065
15327,27.913105402551377
15328,29.182901092831653
15329,29.950811525367595
15330,30.515969454403535
15331,31.17079113288288
15332,32.05587298970723
15333,32.61602020378237
15334,32.922845565474475
15335,33.35011543318055
15336,33.57685059399681
15337,33.63807809658584
15338,33.76373321868125
15339,33.837855128265716
15340,34.076454847033524
15341,34.439274722905935
15342,34.75328860520255
15343,34.790992096988866
15344,34.86503459318665
15345,35.02751501272276
15346,34.8458985819101
15347,34.2353082939297
15348,33.68336565196026
15349,33.61561576693752
15350,33.559359867071784
15351,33.13477448706368
15352,32.755006518693456
15353,32.21738576128819
15354,31.695024156171662
15355,31.430126551359706
15356,30.986113303162757
15357,30.341998319147184
15358,29.538847691456706
15359,29.014617901394182
15360,28.521588993566514
15361,28.099904008249894
15362,27.623069499646142
15363,27.150865289756723
15364,26.806039151718863
15365,26.549973591721447
15366,26.370191087422338
15367,26.214090193048996
15368,26.141868686387095
15369,25.956618975625002
15370,25.929088877434946
15371,25.90348758145855
15372,25.736695446698263
15373,25.445522476608836
15374,25.308201075539703
15375,25.087023014728274
15376,24.98821986438458
15377,24.86749746122427
15378,24.67479376377356
15379,24.564834782800936
15380,24.503015942729238
15381,24.40644999604848
15382,24.39982570236461
15383,24.37097308240765
15384,24.266173480869135
15385,24.197478413079807
15386,24.13967819298758
15387,24.053931656331137
15388,24.018250048925832
15389,24.012112577573674
15390,23.987892241564765
15391,23.96973299034442
15392,23.91471025043964
15393,23.82858891673873
15394,23.772686839729715
15395,23.790667154972848
15396,23.790381062141584
15397,23.723832978941015
15398,23.730285711804534
15399,23.65490448602391
15400,23.54987029692681
15401,23.55143076496462
15402,23.53493824832736
15403,23.427157645694372
15404,23.331472339233315
15405,23.290840930529708
15406,23.291419904680087
15407,23.174869955158464
15408,23.333645491441956
15409,23.28392086601431
15410,23.14157714913856
15411,23.18236911290368
15412,23.14306072223635
15413,23.069092709683567
15414,23.141996883450563
15415,23.02642179040729
15416,23.026914105824847
15417,23.046461775746636
15418,22.94117368952896
15419,22.97289145387083
15420,22.864619795950702
15421,22.820147496951634
15422,22.794330983856483
15423,22.79989661170331
15424,22.771469707679856
15425,22.772765930283764
15426,22.771445023426097
15427,22.777669873742852
15428,22.759014702636918
15429,22.780086554341413
15430,22.73249535167041
15431,22.68759753042104
15432,22.72685751731121
15433,22.685525872850672
15434,22.70042723678123
15435,22.76143332907137
15436,22.78122360691259
15437,22.790622561248327
15438,22.831733847573247
15439,22.886925075992565
15440,22.811443127548582
15441,22.855663776341444
15442,22.830262026014427
15443,22.838646101563782
15444,22.844573273106082
15445,22.84544046266084
15446,22.897857107873367
15447,22.921404644995423
15448,23.020415107905645
15449,23.116016946343798
15450,23.239906952309497
15451,23.31788367490417
15452,23.400756681569725
15453,23.519626258153615
15454,23.596062265417665
15455,23.81375145596042
15456,24.053327312337952
15457,24.372725068978
15458,24.589355479405526
15459,24.785540743909632
15460,25.20788440438384
15461,25.513494722839912
15462,25.813401403182656
15463,26.288512746615208
15464,26.79929223675554
15465,26.980200137539484
15466,27.222721191740327
15467,27.258429832609515
15468,27.195715675022015
15469,27.328177837194293
15470,27.534117022283066
15471,28.108529138877742
15472,29.52005316377789
15473,30.078007048532445
15474,30.308326725692424
15475,31.026186426065774
15476,32.22393471140456
15477,33.037010630083564
15478,32.89372396012695
15479,32.737927621640964
15480,33.111619951214486
15481,33.70929081846199
15482,34.26937605266193
15483,34.597021826058295
15484,34.50856268197624
15485,33.910655580675716
15486,33.14230820531363
15487,32.450588747285934
15488,31.800692427309997
15489,31.309842705897005
15490,31.229802111708807
15491,31.157540751698402
15492,30.838571409238273
15493,30.50124114269397
15494,30.24972369304146
15495,30.035380841842805
15496,29.868595354941032
15497,29.53496237700812
15498,29.103256083004876
15499,28.647924652073428
15500,27.715825209134096
15501,27.38775974876411
15502,26.93532725705182
15503,26.553957464420705
15504,26.219975922424705
15505,25.95072389244811
15506,25.71616848390534
15507,25.253965235700814
15508,25.18771591882442
15509,25.164976040561854
15510,25.085840095801615
15511,24.612275016877327
15512,24.38760059756141
15513,24.244470812690615
15514,24.13632866216936
15515,24.071452812065267
15516,23.828343184188828
15517,23.655577629078685
15518,23.60862719774525
15519,23.46518431143307
15520,23.491344165279557
15521,23.564270607003454
15522,23.523076069108612
15523,23.420759728436344
15524,23.39752005797419
15525,23.295833691060277
15526,23.302822937375563
15527,23.251907858593242
15528,23.248965250683852
15529,23.202077526195094
15530,23.16186077458221
15531,23.145019201370456
15532,23.097681558496973
15533,23.08497558559939
15534,23.026601725247264
15535,23.043584759554093
15536,23.021769785680263
15537,23.012550045185662
15538,23.027873711089534
15539,23.012104733897893
15540,23.0082683031415
15541,23.00504712343023
15542,23.006843813958127
15543,23.033249699603335
15544,23.009111987475215
15545,22.995654683307727
15546,22.99006659232272
15547,22.962639198283362
15548,22.968443965662043
15549,22.973121573433808
15550,23.029469972143815
15551,22.99148325669759
15552,23.18372331100185
15553,23.18326443261338
15554,23.183468004337023
15555,23.090861869888737
15556,23.08979432402848
15557,23.1208220520243
15558,23.1666843796136
15559,23.216217612799575
15560,23.05222981799175
15561,22.9138669917661
15562,22.90510422888523
15563,22.95144881382717
15564,22.997646400691504
15565,22.949951419567977
15566,22.996629309595797
15567,22.950461338966925
15568,22.923960173924044
15569,22.990698755603507
15570,22.910341296412298
15571,22.97029645915559
15572,22.975033179137874
15573,22.84219780563907
15574,22.917922990644442
15575,22.89683812386268
15576,22.909060734024056
15577,22.90993565103409
15578,22.96249601770547
15579,22.974723895793186
15580,22.994691236641795
15581,23.10075120618781
15582,23.10648405835469
15583,23.042142817303567
15584,23.026946438911594
15585,23.036829795872183
15586,23.032304156799757
15587,22.95967597094161
15588,22.965659653372597
15589,22.963376614190842
15590,23.023596481933033
15591,23.086987331330377
15592,23.2109087369229
15593,23.30497481048238
15594,23.46039248229559
15595,23.691591656187175
15596,24.008955997450617
15597,24.195007194349355
15598,24.466682202216766
15599,24.676062183860342
15600,25.174006794587875
15601,25.784194899171943
15602,26.45926842270738
15603,26.933894981203675
15604,27.490138526018185
15605,28.10610159751471
15606,28.926326902168583
15607,29.484972033145723
15608,29.956622689668368
15609,30.04460597072104
15610,30.468385476590747
15611,31.0682590227171
15612,31.144754199021794
15613,31.34539503866224
15614,31.386673537506347
15615,31.433235290532036
15616,31.08593376620215
15617,32.12932492282401
15618,32.98183932268858
15619,32.894401416603806
15620,32.14242497543633
15621,31.904694993517932
15622,31.779572884351204
15623,31.65044644176598
15624,31.64301385138539
15625,31.581989067185255
15626,31.669214317362833
15627,31.74551264960159
15628,31.802341684865365
15629,31.65624161098227
15630,31.385939700485377
15631,31.02301010560931
15632,30.684686852310215
15633,30.67947087403383
15634,30.459407311008974
15635,30.28951047644233
15636,30.042360931172283
15637,29.774833340034235
15638,29.464780684573526
15639,29.25178605537107
15640,29.038859702662997
15641,28.87468089239864
15642,28.589056795355127
15643,28.352883869274756
15644,28.251015229640668
15645,28.222478406471275
15646,28.155039053264748
15647,28.19701774600435
15648,28.204920357447048
15649,28.15930268919158
15650,28.095559943013363
15651,28.074227418382613
15652,27.963584798046654
15653,27.87604685621111
15654,27.814635318214982
15655,27.763803905558966
15656,27.68480284713358
15657,27.57259028969228
15658,27.450187647348187
15659,27.3252844806904
15660,27.186486978806922
15661,26.993628849381906
15662,26.86933448263963
15663,26.783516757209053
15664,26.76699311892183
15665,26.693581256017815
15666,26.644999224143806
15667,26.55246504002585
15668,26.532489732567957
15669,26.46918628161149
15670,26.49809279366419
15671,26.45925161881744
15672,26.380084214132623
15673,26.322708951927428
15674,26.27650045385459
15675,26.228271881554825
15676,26.15199172501582
15677,26.198098677935143
15678,26.11790941296762
15679,26.120841201536898
15680,26.083456273757097
15681,26.142493394335187
15682,26.181075126135422
15683,25.98162194423662
15684,25.945348379765015
15685,25.954125660733187
15686,25.97367403427577
15687,25.999514926049724
15688,26.00544799594368
15689,26.169259077303174
15690,26.114317248982438
15691,26.15440738730895
15692,26.12692207324578
15693,26.01477243635656
15694,25.935322773249986
15695,25.97621627709089
15696,26.718907011927627
15697,26.800024879031625
15698,26.862209851453272
15699,26.969068504966653
15700,27.027185014940212
15701,26.974014876676296
15702,27.031840295878105
15703,27.227150428251164
15704,27.269926099073356
15705,27.278588645675327
15706,27.25368310478685
15707,27.11021388497905
15708,26.931775036062277
15709,26.81454024996294
15710,26.707242155821604
15711,26.672353743891847
15712,26.7883012431436
15713,26.749299247583856
15714,26.83532210164264
15715,26.875859800668785
15716,26.91859362928313
15717,26.948141496935584
15718,26.986464363810214
15719,27.057944243865528
15720,27.05216890555631
15721,27.138896073956975
15722,27.200564015828412
15723,27.218088224073608
15724,27.32205297876388
15725,27.363225685310507
15726,27.35402878026379
15727,27.544794874858884
15728,27.548938533306973
15729,27.50359382745484
15730,27.475167450231027
15731,27.543918165130627
15732,27.485274288573272
15733,27.34544233779403
15734,27.078319436133096
15735,27.097140109672846
15736,27.044585701460676
15737,27.03888638851153
15738,27.012592985017257
15739,27.03242522438665
15740,26.793858925475273
15741,26.717951062774453
15742,26.635550496176837
15743,26.75939388116627
15744,26.733607686578207
15745,26.531045264257262
15746,26.52745383223811
15747,26.703089447842036
15748,26.70718921641928
15749,27.0062023712786
15750,27.252412886117266
15751,27.399116343652302
15752,27.632488994987757
15753,27.98651058531179
15754,28.48611588254363
15755,29.081286757300617
15756,29.450754306501125
15757,29.68866086308735
15758,29.919970001333372
15759,29.88137506071847
15760,29.687618000317045
15761,29.532218982916508
15762,29.577613761336693
15763,29.726341509840882
15764,29.726538609374543
15765,29.774092630273685
15766,30.57089451027928
15767,30.927887353278805
15768,30.896173798407567
15769,30.67985669131935
15770,30.527974219846993
15771,30.85827289210875
15772,31.290651383052882
15773,31.466688890569806
15774,31.26565463895594
15775,30.990882326490606
15776,30.811041119693563
15777,30.609698096450767
15778,30.15163498409885
15779,29.961458260193417
15780,29.760758233456137
15781,29.30324909640999
15782,28.68919033970866
15783,28.574835733347
15784,28.39142291687517
15785,28.101060745273948
15786,27.973996433821203
15787,27.79904853606004
15788,27.61608382145641
15789,27.484073774911717
15790,27.422313106468774
15791,27.194580919942094
15792,27.144564438628564
15793,26.953183246577144
15794,26.71836690796888
15795,26.81959532844977
15796,26.827301215212003
15797,26.783351587622736
15798,26.599148056335185
15799,26.373597640126444
15800,26.253735445893867
15801,26.325490042751234
15802,26.080618257723522
15803,26.131019830693113
15804,26.071164355535405
15805,26.06227056836826
15806,25.974179996995225
15807,25.8055184696142
15808,25.82022418891083
15809,25.687499352303785
15810,25.569296383276157
15811,25.449689605741067
15812,25.326309747476323
15813,24.954622235427244
15814,24.874946439715583
15815,24.74067818995543
15816,24.743510144461005
15817,24.528964595568972
15818,24.391924909409916
15819,24.332681788500288
15820,24.363295367972402
15821,24.29296388269342
15822,24.390675614681104
15823,24.387099102959546
15824,24.367458223160003
15825,24.34497716674228
15826,24.272581672286336
15827,24.222458166991263
15828,24.198951720706013
15829,24.17827091169574
15830,24.23868326445078
15831,24.29846137305151
15832,24.268885529193128
15833,24.00897367186747
15834,23.850833498005308
15835,23.803141704591333
15836,23.837532002325037
15837,23.754621491922205
15838,23.80039389801157
15839,23.703613470674163
15840,24.164287469547723
15841,24.142338927201493
15842,24.158906318306755
15843,24.109777033603002
15844,24.06976310851487
15845,23.92049824441467
15846,23.949498450579124
15847,23.87027509859608
15848,23.861985016343212
15849,23.919387600848044
15850,23.931432357626655
15851,23.87627593816987
15852,23.78855763079518
15853,23.747211115688486
15854,23.932927718464384
15855,23.96930888088865
15856,23.949523828541928
15857,23.747251618331944
15858,23.63512336751372
15859,23.551907805480365
15860,23.42780649483804
15861,23.422702185989387
15862,23.340323397904505
15863,23.321305276865942
15864,23.23645560577556
15865,23.30593714183246
15866,23.271318980073335
15867,23.456625950035097
15868,23.546562340446442
15869,23.456292681082456
15870,23.41016853322196
15871,23.35050309957436
15872,23.3800423280467
15873,23.315713005526497
15874,23.306773359053878
15875,23.21456739701296
15876,23.258378488088066
15877,23.26510042397872
15878,23.305606281778232
15879,23.399446098435288
15880,23.513014046449047
15881,23.6980243368459
15882,23.841916858806265
15883,23.857273012343825
15884,24.034755749303976
15885,24.103386896573475
15886,24.13163469972257
15887,24.160269491860184
15888,24.331092774484127
15889,24.569402670251936
15890,24.733539136026568
15891,25.145009577336115
15892,25.50242563400737
15893,25.938715775130902
15894,26.45018874456216
15895,26.85609229301074
15896,27.1051545547867
15897,27.14013843589508
15898,27.22556785829238
15899,27.53808963887056
15900,27.59438849020572
15901,27.8185735793764
15902,27.87732092077307
15903,28.18381244061746
15904,28.727320992285364
15905,29.857201198644272
15906,30.692044777802373
15907,31.09941800668302
15908,31.395780713140585
15909,31.902426897264935
15910,31.872640373146847
15911,31.573932748335224
15912,31.442248976588488
15913,31.604505113872815
15914,32.01903434191506
15915,32.443830432118006
15916,32.890738535777395
15917,33.63506463418195
15918,33.84762652774144
15919,33.763514115182296
15920,33.53353290754092
15921,33.510457487649035
15922,33.44997898617397
15923,33.39967833344929
15924,33.36075473748317
15925,33.34074422651193
15926,33.00407590938404
15927,32.475107765943434
15928,31.886995180433395
15929,31.443834548798744
15930,31.284973049597326
15931,31.1109944162694
15932,31.026044314169287
15933,30.665922209967476
15934,30.40861522983899
15935,30.378162421161882
15936,30.09120994457682
15937,29.621180695108382
15938,29.279480767066193
15939,28.9146933363192
15940,28.695720669466503
15941,28.410901594841047
15942,27.973553090350705
15943,27.623011706763076
15944,27.45708616179243
15945,27.168189568904484
15946,26.93805181385384
15947,26.778778225669704
15948,26.506218056010134
15949,26.311782642851654
15950,26.157367535423013
15951,25.96835394853175
15952,25.810141120892155
15953,25.702466479004332
15954,25.465417772393273
15955,25.184498179949127
15956,24.983109193668064
15957,24.874925678841723
15958,24.78898496875948
15959,24.684886693239
15960,24.559501921703614
15961,24.487399184304316
15962,24.54215423259876
15963,24.44740255511712
15964,24.424991061044604
15965,24.364009164671636
15966,24.27534834173823
15967,24.215045832633372
15968,24.16552393093921
15969,24.142730607290762
15970,24.131140222023824
15971,24.137680363090894
15972,24.13534611568012
15973,24.135552914154722
15974,24.066799803884837
15975,24.003596370646708
15976,24.01486183612967
15977,24.018694104339573
15978,24.013737268451372
15979,24.000175743569454
15980,24.014896566877468
15981,23.99734343394878
15982,23.956144351344044
15983,23.948200903154323
15984,24.31491685217806
15985,24.305894061860375
15986,24.305456534743584
15987,24.320098687860074
15988,24.22466211980901
15989,24.225258590212917
15990,24.218265025683436
15991,24.122219892859484
15992,24.226826458101932
15993,24.19740150888902
15994,24.185872702454724
15995,24.24612941029608
15996,24.193748909138893
15997,24.183096475543255
15998,24.08997173960538
15999,24.137404260534485
16000,24.005888323801155
16001,23.925817342568116
16002,23.891102861761212
16003,23.888958848899243
16004,23.892590611333684
16005,23.89240825105933
16006,23.828709576445476
16007,23.810271239914893
16008,23.899343777841853
16009,23.874792641182914
16010,23.760284329846822
16011,23.720774184761538
16012,23.71628761114767
16013,23.70037317964584
16014,23.59150976970268
16015,23.623946470530655
16016,23.578052275733523
16017,23.521461533285947
16018,23.241484765632393
16019,23.17264887042363
16020,23.132263987378565
16021,23.129811220957965
16022,23.10696679411653
16023,23.105675580806874
16024,23.10029198038163
16025,23.061692102651854
16026,23.10688137566643
16027,23.15414419086553
16028,23.187802510574816
16029,23.222677183245498
16030,23.272068680943267
16031,23.24240184423671
16032,23.292484205736734
16033,23.37404387427176
16034,23.50322158721754
16035,23.638379948923237
16036,23.746154727323052
16037,23.842083288524055
16038,24.037190453764914
16039,24.273304068820657
16040,24.423941228398924
16041,24.49219824350358
16042,24.518081571654015
16043,24.598017505502217
16044,24.620876461759256
16045,24.67672815658537
16046,24.80880892237299
16047,25.021237473450363
16048,25.415379597818035
16049,25.668640030779777
16050,26.084430103367772
16051,26.463230603154525
16052,26.98262387544334
16053,27.32162247091603
16054,27.454873362366946
16055,27.51846079664344
16056,27.777745849581496
16057,27.82044013942863
16058,28.01425822449181
16059,28.22863646588703
16060,28.483734849781825
16061,28.75072111381625
16062,28.734858908132214
16063,28.533019033445672
16064,28.311346414303358
16065,28.10274453610994
16066,28.085554654175827
16067,28.214451457358347
16068,28.427579704385693
16069,28.450719039459607
16070,28.249297533351058
16071,28.02842995398793
16072,27.780551292607637
16073,27.65540261718062
16074,27.545781395174824
16075,27.472551995657476
16076,27.54216447152655
16077,27.536577621046533
16078,27.4147568027386
16079,27.37643790907071
16080,27.40571364714076
16081,27.213631097837446
16082,27.009701394023235
16083,26.909875289157643
16084,26.79353538500355
16085,26.693488572336026
16086,26.641853475766077
16087,26.50024364141701
16088,26.452030413521683
16089,26.349353031739533
16090,26.25642643998735
16091,26.14642528665601
16092,26.02850743123314
16093,25.806193344458187
16094,25.674560376303365
16095,25.554271373673643
16096,25.453514275351925
16097,25.351871976129285
16098,25.245292254801065
16099,25.161127839671334
16100,25.04712648283871
16101,24.990736625217522
16102,24.835173814174524
16103,24.764330256636914
16104,24.684867644929657
16105,24.72825618595797
16106,24.62985168212079
16107,24.52096563441076
16108,24.431204978327127
16109,24.334104484867296
16110,24.271106347577778
16111,24.250982653070597
16112,24.256371107725133
16113,24.37183390867489
16114,24.383078273940555
16115,24.30910783565096
16116,24.17158367548993
16117,24.131927217034377
16118,24.177601898549273
16119,24.156636569777266
16120,24.248315760129778
16121,24.19889742321564
16122,24.12106576971715
16123,24.188601182222868
16124,24.067857668126635
16125,24.0176624032522
16126,24.017312660694742
16127,24.016359965454246
16128,24.434907425960123
16129,24.379033744001994
16130,24.350210593465555
16131,24.375868314312754
16132,24.374867605738658
16133,24.357273378221354
16134,24.346790066718118
16135,24.215623237630556
16136,24.204020699190806
16137,24.245612864715596
16138,24.41548814805683
16139,24.381166476499164
16140,24.561516555745392
16141,24.552997095522148
16142,24.518287425809646
16143,24.302969833958137
16144,24.09388223641745
16145,23.999605934470587
16146,23.914688109269637
16147,23.84386246966576
16148,23.843588058326166
16149,23.798772247026932
16150,23.797702919942328
16151,23.747957271806367
16152,23.75785210723621
16153,23.773796654859346
16154,23.79239293190789
16155,23.756196300016022
16156,23.773335022496656
16157,23.78430337085106
16158,23.862591985093154
16159,23.888988790452512
16160,23.943806869667764
16161,23.938572638606477
16162,23.951414529597468
16163,23.958758944654118
16164,23.966795468081912
16165,23.97968810733274
16166,23.8885596805494
16167,23.89493299421426
16168,23.986345417779113
16169,24.138437788514576
16170,24.38823146578455
16171,24.69063118735172
16172,25.14764975862835
16173,25.83500051047299
16174,26.487999740966245
16175,26.929841020376806
16176,27.61177853138221
16177,28.234854212772383
16178,29.116622387240337
16179,29.95462332398347
16180,30.986627580819043
16181,31.73931121313145
16182,32.06079623668356
16183,32.09484704670866
16184,31.829438076376153
16185,32.31032367296124
16186,33.20927336501058
16187,33.91203579164856
16188,34.34894539186116
16189,34.79230169749535
16190,34.82811577600292
16191,34.424787176378786
16192,34.23392670660978
16193,34.36377048801303
16194,34.62201042915723
16195,34.73697974292068
16196,34.83018923725925
16197,35.31349589252761
16198,35.60479027948757
16199,35.56749538842029
16200,35.44971365827922
16201,35.4359937588266
16202,35.38163036080975
16203,35.5720038725007
16204,35.92351029475857
16205,36.426203981133796
16206,36.42504968690064
16207,36.025639080769906
16208,35.54512165212236
16209,35.22603752081332
16210,35.637075548561526
16211,35.73250453306821
16212,35.85685232159692
16213,36.22373912090768
16214,35.97295181943595
16215,35.317792601231304
16216,35.0610156868855
16217,35.093460785832406
16218,35.10680521475628
16219,34.90020697854364
16220,34.686387462288344
16221,34.20511614886058
16222,34.176861689510595
16223,33.69804835576606
16224,33.13160453703832
16225,32.767850221702105
16226,32.42703034364699
16227,32.0738804091085
16228,31.665855381347523
16229,31.325727162821693
16230,30.910629520506646
16231,30.439552491101274
16232,29.95596253386155
16233,29.46608368096827
16234,29.189672455884562
16235,28.87994692557402
16236,28.598380267620815
16237,28.335100667363648
16238,28.007041467062212
16239,27.759261660894367
16240,27.520650795059566
16241,27.282473348505615
16242,27.178031773221115
16243,27.181079484546316
16244,27.06462265998652
16245,27.013694790894426
16246,26.977787873387406
16247,26.918848761255934
16248,26.86346568770518
16249,26.688931337865004
16250,26.57892482381178
16251,26.454324635326834
16252,26.3218698108649
16253,26.238440003329398
16254,26.175649632661006
16255,26.106427450222256
16256,26.067160045851104
16257,26.006665902264608
16258,25.998454994620452
16259,25.917488485218033
16260,25.829921687815485
16261,25.847087371098482
16262,25.786944748522824
16263,25.69283189623151
16264,25.725275613662404
16265,25.731409894601327
16266,25.730578092244507
16267,25.768402344560453
16268,26.050644984040467
16269,26.07481923781051
16270,26.06167776184337
16271,26.049103999095436
